datetime,open,high,low,close
2024-05-05,1.2547,1.25529,1.2539,1.25402
2024-05-06,1.25399,1.2595,1.2537,1.25616
2024-05-07,1.25602,1.25706,1.2488,1.25
2024-05-08,1.25007,1.2505,1.2466,1.24927
2024-05-09,1.24928,1.2531,1.2445,1.25245
2024-05-10,1.25246,1.2541,1.2501,1.2524
2024-05-12,1.25156,1.2527,1.25156,1.25217
2024-05-13,1.25214,1.2569,1.2516,1.25597
2024-05-14,1.25597,1.2593,1.25085,1.2584
2024-05-15,1.25833,1.2694,1.2582,1.26883
2024-05-16,1.26881,1.27008,1.2643,1.267
2024-05-17,1.26707,1.2712,1.2643,1.27
2024-05-19,1.26835,1.2708,1.26835,1.27055
2024-05-20,1.27056,1.27252,1.2688,1.27094
2024-05-21,1.27094,1.2727,1.2686,1.27095
2024-05-22,1.27092,1.27612,1.2699,1.27198
2024-05-23,1.27199,1.27465,1.2684,1.26928
2024-05-24,1.26928,1.2751,1.26731,1.2737
2024-05-26,1.27302,1.27428,1.27302,1.27336
2024-05-27,1.27335,1.2778,1.2732,1.2771
2024-05-28,1.2771,1.28005,1.2752,1.2757
2024-05-29,1.27569,1.2772,1.2693,1.26972
2024-05-30,1.26972,1.27472,1.2679,1.2728
2024-05-31,1.2727,1.2766,1.2698,1.274
2024-06-02,1.27355,1.27451,1.27348,1.27439
2024-06-03,1.27439,1.2815,1.2693,1.28096
2024-06-04,1.28095,1.28171,1.27424,1.27719
2024-06-05,1.27724,1.27954,1.2754,1.27933
2024-06-06,1.27932,1.2809,1.2762,1.27917
2024-06-07,1.27915,1.28177,1.2714,1.2721
2024-06-09,1.27266,1.27315,1.2713,1.27278
2024-06-10,1.27279,1.27373,1.2687,1.27255
2024-06-11,1.27254,1.27514,1.2705,1.27395
2024-06-12,1.27396,1.28603,1.2731,1.27959
2024-06-13,1.2796,1.28076,1.27356,1.27536
2024-06-14,1.27535,1.27631,1.2655,1.2686
2024-06-16,1.26817,1.26871,1.2658,1.2682
2024-06-17,1.26829,1.27141,1.2657,1.27135
2024-06-18,1.27136,1.27208,1.2667,1.27066
2024-06-19,1.2706,1.274,1.26974,1.27198
2024-06-20,1.27199,1.27201,1.26481,1.26595
2024-06-21,1.26594,1.26746,1.26208,1.2644
2024-06-23,1.26389,1.2652,1.2634,1.26378
2024-06-24,1.26378,1.2698,1.2631,1.26817
2024-06-25,1.26818,1.27024,1.2669,1.2683
2024-06-26,1.26837,1.26932,1.2613,1.26205
2024-06-27,1.26206,1.26705,1.2611,1.2644
2024-06-28,1.2644,1.26647,1.2618,1.26445
2024-06-30,1.26508,1.26578,1.26422,1.26483
2024-07-01,1.26483,1.27101,1.2632,1.26444
2024-07-02,1.26446,1.2692,1.2614,1.26872
2024-07-03,1.26872,1.27773,1.2676,1.27466
2024-07-04,1.27466,1.2768,1.2739,1.27546
2024-07-05,1.27546,1.2818,1.2753,1.2813
2024-07-07,1.27945,1.28156,1.27919,1.2806
2024-07-08,1.28054,1.2846,1.27899,1.28147
2024-07-09,1.28151,1.28251,1.27673,1.2786
2024-07-10,1.2788,1.2854,1.2782,1.28538
2024-07-11,1.28539,1.29491,1.2848,1.2923
2024-07-12,1.29231,1.2995,1.2901,1.2989
2024-07-14,1.29634,1.29816,1.29622,1.29669
2024-07-15,1.29668,1.29944,1.29528,1.29689
2024-07-16,1.29689,1.29794,1.2937,1.29727
2024-07-17,1.29763,1.30441,1.2964,1.30078
2024-07-18,1.30065,1.3013,1.2928,1.29482
2024-07-19,1.29482,1.29485,1.2899,1.29121
2024-07-21,1.29126,1.2939,1.29089,1.29321
2024-07-22,1.29322,1.29421,1.2904,1.29308
2024-07-23,1.29304,1.2935,1.2886,1.29008
2024-07-24,1.29006,1.29377,1.2876,1.28976
2024-07-25,1.28978,1.29133,1.284,1.28545
2024-07-26,1.28552,1.2878,1.2848,1.2866
2024-07-28,1.28558,1.28708,1.28558,1.2866
2024-07-29,1.28664,1.2888,1.2805,1.2859
2024-07-30,1.28589,1.28644,1.27859,1.2835
2024-07-31,1.28375,1.28642,1.28192,1.28527
2024-08-01,1.28521,1.2861,1.27245,1.27277
2024-08-02,1.27275,1.284,1.2706,1.2803
2024-08-04,1.27978,1.28092,1.278,1.27873
2024-08-05,1.2787,1.28166,1.2709,1.2786
2024-08-06,1.2788,1.2804,1.26717,1.2683
2024-08-07,1.26836,1.27357,1.26765,1.26816
2024-08-08,1.26825,1.2761,1.2663,1.27455
2024-08-09,1.27456,1.2774,1.2724,1.2762
2024-08-11,1.27595,1.27605,1.2747,1.27477
2024-08-12,1.2748,1.2794,1.2746,1.277
2024-08-13,1.27704,1.2873,1.2762,1.28648
2024-08-14,1.28648,1.28683,1.28146,1.2825
2024-08-15,1.28241,1.28717,1.2797,1.28582
2024-08-16,1.28583,1.2947,1.2856,1.2943
2024-08-18,1.2933,1.29503,1.2933,1.29457
2024-08-19,1.29461,1.2997,1.2939,1.29889
2024-08-20,1.29883,1.30386,1.2972,1.30332
2024-08-21,1.30336,1.3119,1.30095,1.30918
2024-08-22,1.30914,1.3129,1.3075,1.3096
2024-08-23,1.30961,1.323,1.3091,1.3215
2024-08-25,1.3209,1.32158,1.32029,1.32135
2024-08-26,1.32138,1.3222,1.31685,1.31912
2024-08-27,1.3191,1.327,1.3178,1.32549
2024-08-28,1.32549,1.32603,1.3166,1.31925
2024-08-29,1.31926,1.3228,1.31431,1.31646
2024-08-30,1.31652,1.32,1.3108,1.3125
2024-09-01,1.31254,1.3134,1.31205,1.3128
2024-09-02,1.31287,1.3155,1.3118,1.31398
2024-09-03,1.31399,1.3147,1.3086,1.31123
2024-09-04,1.31122,1.31751,1.31,1.31432
2024-09-05,1.3143,1.31852,1.3135,1.31756
2024-09-06,1.31752,1.32383,1.3108,1.3131
2024-09-08,1.31175,1.3138,1.31175,1.3131
2024-09-09,1.31306,1.3143,1.30211,1.30704
2024-09-10,1.30703,1.3108,1.30382,1.30793
2024-09-11,1.30794,1.3111,1.30006,1.30375
2024-09-12,1.30376,1.31324,1.303,1.3131
2024-09-13,1.31323,1.3158,1.31112,1.31221
2024-09-15,1.31169,1.3137,1.31166,1.31347
2024-09-16,1.31348,1.3221,1.3122,1.32096
2024-09-17,1.321,1.323,1.31406,1.31667
2024-09-18,1.31667,1.3298,1.3154,1.32024
2024-09-19,1.32028,1.3314,1.3151,1.32806
2024-09-20,1.32809,1.3341,1.3267,1.3323
2024-09-22,1.3315,1.33222,1.331,1.33116
2024-09-23,1.33112,1.33592,1.32463,1.33482
2024-09-24,1.33482,1.34274,1.333,1.34266
2024-09-25,1.34263,1.34294,1.33119,1.33136
2024-09-26,1.33129,1.34342,1.3312,1.34102
2024-09-27,1.34101,1.34274,1.3358,1.3378
2024-09-29,1.33625,1.3384,1.33625,1.33821
2024-09-30,1.3383,1.3424,1.33486,1.33771
2024-10-01,1.3377,1.339,1.3236,1.32741
2024-10-02,1.32738,1.3306,1.32445,1.32626
2024-10-03,1.32622,1.3265,1.3091,1.31284
2024-10-04,1.31283,1.3175,1.30685,1.3122
2024-10-06,1.31031,1.3125,1.31031,1.31226
2024-10-07,1.31225,1.3134,1.3058,1.30841
2024-10-08,1.30843,1.31135,1.3062,1.30927
2024-10-09,1.30926,1.3103,1.3055,1.30658
2024-10-10,1.30659,1.30936,1.30192,1.30607
2024-10-11,1.30611,1.30831,1.304,1.3066
2024-10-13,1.3069,1.3069,1.3069,1.3069
2024-10-14,1.30409,1.3072,1.3029,1.30664
2024-10-15,1.3066,1.3103,1.3034,1.30642
2024-10-16,1.30641,1.30772,1.2975,1.29904
2024-10-17,1.29906,1.30232,1.2973,1.30135
2024-10-18,1.30136,1.3071,1.301,1.305
2024-10-20,1.3053,1.30564,1.3046,1.30515
2024-10-21,1.30516,1.3053,1.2975,1.29818
2024-10-22,1.29819,1.3015,1.2943,1.29806
2024-10-23,1.29804,1.2995,1.2906,1.29154
2024-10-24,1.29155,1.29881,1.291,1.2972
2024-10-25,1.29709,1.2999,1.2954,1.2958
2024-10-27,1.29699,1.29699,1.29556,1.2957
2024-10-28,1.29568,1.30013,1.2938,1.29744
2024-10-29,1.29743,1.30171,1.2956,1.30108
2024-10-30,1.30107,1.30433,1.29346,1.2956
2024-10-31,1.29579,1.29997,1.2843,1.28968
2024-11-01,1.28968,1.29801,1.27494,1.2926
2024-11-03,1.29694,1.29694,1.29488,1.29521
2024-11-04,1.29522,1.2999,1.2933,1.29537
2024-11-05,1.29539,1.3048,1.29456,1.30416
2024-11-06,1.30416,1.30428,1.2834,1.2882
2024-11-07,1.2882,1.30091,1.2874,1.29827
2024-11-08,1.29828,1.2985,1.28828,1.292
2024-11-10,1.29021,1.29171,1.29012,1.2915
2024-11-11,1.29149,1.2926,1.2854,1.28732
2024-11-12,1.28733,1.2874,1.27188,1.27364
2024-11-13,1.27363,1.27681,1.2685,1.27068
2024-11-14,1.2707,1.27202,1.2628,1.26667
2024-11-15,1.26668,1.26972,1.2595,1.2617
2024-11-17,1.26206,1.26206,1.26045,1.26189
2024-11-18,1.26184,1.2687,1.2612,1.2678
2024-11-19,1.26784,1.2694,1.2611,1.26938
2024-11-20,1.26939,1.2715,1.2629,1.26554
2024-11-21,1.26551,1.266,1.2575,1.25846
2024-11-22,1.25843,1.2595,1.2485,1.2529
2024-11-25,1.2601,1.2602,1.2528,1.25317
2024-11-26,1.25318,1.26164,1.25068,1.25732
2024-11-27,1.25731,1.26941,1.2565,1.2677
2024-11-28,1.2677,1.2696,1.2643,1.2695
2024-11-29,1.26945,1.275,1.2671,1.2737
2024-12-01,1.27219,1.27334,1.26954,1.27007
2024-12-02,1.27009,1.27225,1.2615,1.2657
2024-12-03,1.26582,1.26995,1.2636,1.26737
2024-12-04,1.26736,1.27213,1.263,1.27004
2024-12-05,1.27006,1.2772,1.2692,1.276
2024-12-06,1.2759,1.2811,1.25281,1.274
2024-12-08,1.27324,1.275,1.2732,1.27476
2024-12-09,1.27477,1.2799,1.2715,1.2747
2024-12-10,1.27481,1.278,1.2723,1.2779
2024-12-11,1.2779,1.27815,1.2711,1.2763
2024-12-12,1.27649,1.27879,1.2665,1.26748
2024-12-13,1.26761,1.2679,1.25384,1.261
2024-12-15,1.26085,1.26268,1.26085,1.26258
2024-12-16,1.2626,1.2699,1.2622,1.2688
2024-12-17,1.26899,1.27284,1.2665,1.27099
2024-12-18,1.27098,1.2723,1.25598,1.2567
2024-12-19,1.25675,1.26669,1.2493,1.24969
2024-12-20,1.24969,1.2614,1.24512,1.2569
2024-12-22,1.25595,1.25733,1.25577,1.25694
2024-12-23,1.25696,1.2588,1.2508,1.25319
2024-12-24,1.25322,1.2575,1.2517,1.2534
2024-12-25,1.2533,1.2874,1.14068,1.25424
2024-12-26,1.25431,1.2549,1.25,1.25274
2024-12-27,1.25272,1.25924,1.2504,1.2576
2024-12-29,1.25711,1.25875,1.25627,1.2577
2024-12-30,1.25774,1.26074,1.24934,1.25478
2024-12-31,1.25479,1.25692,1.2504,1.25151
2025-01-01,1.2512,1.25196,1.25035,1.25194
2025-01-02,1.25195,1.2541,1.2352,1.23795
2025-01-03,1.23789,1.2434,1.2377,1.242
2025-01-05,1.24131,1.24335,1.24131,1.2424
2025-01-06,1.24242,1.25509,1.24171,1.251
2025-01-07,1.25094,1.25756,1.24712,1.24753
2025-01-08,1.24756,1.24941,1.23196,1.23579
2025-01-09,1.23585,1.2365,1.2238,1.22983
2025-01-10,1.22984,1.2322,1.21749,1.2206
2025-01-12,1.21929,1.22097,1.21929,1.22033
2025-01-13,1.22027,1.22493,1.2099,1.22311
2025-01-14,1.22077,1.22461,1.2138,1.22105
2025-01-15,1.22094,1.23062,1.2162,1.22423
2025-01-16,1.2242,1.2261,1.21747,1.2234
2025-01-17,1.22343,1.2245,1.18978,1.2166
2025-01-19,1.2172,1.21748,1.216,1.21746
2025-01-20,1.21743,1.23444,1.2164,1.23315
2025-01-21,1.23322,1.23601,1.2228,1.2338
2025-01-22,1.23376,1.2376,1.23041,1.23135
2025-01-23,1.23134,1.23755,1.2292,1.23538
2025-01-24,1.23538,1.2502,1.2347,1.2482
2025-01-26,1.24648,1.24677,1.24552,1.24571
2025-01-27,1.24574,1.25229,1.24249,1.24505
2025-01-28,1.24508,1.24651,1.2413,1.24402
2025-01-29,1.24375,1.2463,1.2392,1.24537
2025-01-30,1.2454,1.24765,1.24071,1.24217
2025-01-31,1.2421,1.24719,1.2385,1.2393
2025-02-02,1.22739,1.23231,1.22739,1.22895
2025-02-03,1.2289,1.2455,1.2247,1.2433
2025-02-04,1.24328,1.24933,1.2378,1.24751
2025-02-05,1.24751,1.255,1.2462,1.25018
2025-02-06,1.25009,1.25091,1.2359,1.24339
2025-02-07,1.2434,1.24918,1.23738,1.2409
2025-02-09,1.23786,1.2394,1.23657,1.2389
2025-02-10,1.23891,1.24222,1.2353,1.23594
2025-02-11,1.23594,1.24546,1.2331,1.24496
2025-02-12,1.24501,1.24836,1.23761,1.24497
2025-02-13,1.24498,1.257,1.2441,1.2564
2025-02-14,1.25639,1.26302,1.2548,1.2585
2025-02-16,1.25795,1.25877,1.25773,1.25834
2025-02-17,1.25838,1.2635,1.25788,1.26202
2025-02-18,1.26203,1.2639,1.25812,1.26238
2025-02-19,1.26239,1.2636,1.2562,1.2583
2025-02-20,1.25829,1.2674,1.2579,1.2668
2025-02-21,1.26686,1.26785,1.2623,1.263
2025-02-23,1.26404,1.26568,1.26291,1.26484
2025-02-24,1.26487,1.26904,1.26106,1.26167
2025-02-25,1.26165,1.2678,1.2604,1.26714
2025-02-26,1.267,1.27157,1.2634,1.26801
2025-02-27,1.26798,1.2689,1.2594,1.25959
2025-02-28,1.2596,1.2622,1.2558,1.2578
2025-03-02,1.25836,1.26081,1.25758,1.26019
2025-03-03,1.2602,1.27247,1.2581,1.27012
2025-03-04,1.27014,1.27995,1.2677,1.27951
2025-03-05,1.27946,1.2901,1.2766,1.28895
2025-03-06,1.28894,1.29233,1.2865,1.28827
2025-03-07,1.28825,1.29445,1.2875,1.292
2025-03-09,1.2897,1.29377,1.2897,1.29315
2025-03-10,1.29307,1.29466,1.2859,1.2873
2025-03-11,1.28753,1.29657,1.2872,1.29434
2025-03-12,1.2943,1.29891,1.2912,1.29637
2025-03-13,1.29635,1.2973,1.29196,1.29562
2025-03-14,1.2955,1.29585,1.29099,1.2932
2025-03-16,1.29156,1.29351,1.29156,1.29263
2025-03-17,1.29263,1.2999,1.29263,1.29833
2025-03-18,1.2984,1.30097,1.295,1.3
2025-03-19,1.29996,1.3025,1.2953,1.30095
2025-03-20,1.30097,1.30141,1.29348,1.29644
2025-03-21,1.29644,1.29701,1.2886,1.2915
2025-03-23,1.28942,1.29256,1.28887,1.29249
2025-03-24,1.29247,1.2974,1.2894,1.29222
2025-03-25,1.29219,1.2967,1.2901,1.29447
2025-03-26,1.29446,1.2946,1.2868,1.28769
2025-03-27,1.28765,1.29926,1.2876,1.29509
2025-03-28,1.29497,1.29682,1.292,1.294
2025-03-30,1.2928,1.29401,1.29212,1.29371
2025-03-31,1.29372,1.29727,1.2885,1.2919
2025-04-01,1.29191,1.2941,1.28775,1.2921
2025-04-02,1.29213,1.30518,1.29,1.30448
2025-04-03,1.30442,1.32066,1.3025,1.30887
2025-04-04,1.30893,1.31132,1.28508,1.289
2025-04-06,1.28402,1.2932,1.28278,1.29079
2025-04-07,1.29091,1.29342,1.2707,1.2733
2025-04-08,1.27337,1.2814,1.2723,1.27858
2025-04-09,1.27861,1.2864,1.27415,1.28244
2025-04-10,1.28237,1.2997,1.2821,1.29902
2025-04-11,1.29896,1.31451,1.2984,1.308
2025-04-13,1.30768,1.30901,1.30611,1.30836
2025-04-14,1.30833,1.3201,1.3082,1.3172
2025-04-15,1.31718,1.32519,1.3163,1.32299
2025-04-16,1.32299,1.32922,1.32105,1.32324
2025-04-17,1.32324,1.32732,1.3202,1.32648
2025-04-20,1.32708,1.332,1.32708,1.33138
2025-04-21,1.33139,1.3422,1.33139,1.33793
2025-04-22,1.3379,1.34228,1.32329,1.32717
2025-04-23,1.32712,1.33388,1.32455,1.32646
2025-04-24,1.32649,1.3349,1.3258,1.33267
2025-04-25,1.33259,1.3333,1.3273,1.3309
2025-04-27,1.3307,1.3312,1.3286,1.32896
2025-04-28,1.32896,1.34433,1.3279,1.34343
2025-04-29,1.34337,1.34419,1.3379,1.34115
2025-04-30,1.34116,1.34141,1.3308,1.33204
2025-05-01,1.33206,1.33453,1.3259,1.32851
2025-05-02,1.32853,1.33308,1.32595,1.3271
2025-05-04,1.3261,1.3276,1.32576,1.32691
