timestamp,open,high,low,close,volume
2025-07-10,2767.7,3000.85,2755.8,2950.25,372213.0
2025-07-11,2947.65,3035.7,2916.2,2957.35,304108.0
2025-07-12,2956.65,2978.05,2905.15,2940.85,183326.0
2025-07-13,2941.9,3014.6,2936.0,2970.65,256514.0
2025-07-14,2971.2,3082.05,2962.0,3012.3,425274.0
2025-07-15,3010.35,3143.6,2932.4,3138.5,338930.0
2025-07-16,3137.65,3422.6,3100.35,3371.45,313366.0
2025-07-17,3372.7,3519.15,3314.9,3475.95,282320.0
2025-07-18,3476.3,3672.75,3460.6,3546.4,365544.0
2025-07-19,3544.1,3606.55,3507.8,3591.4,189881.0
2025-07-20,3592.0,3818.15,3579.85,3756.45,426726.0
2025-07-21,3755.35,3856.2,3703.35,3760.05,325675.0
2025-07-22,3761.5,3798.3,3620.2,3746.8,326234.0
2025-07-23,3746.2,3762.65,3528.8,3626.0,261226.0
2025-07-24,3626.15,3767.7,3506.45,3704.95,240167.0
2025-07-25,3704.6,3745.35,3575.4,3724.2,270996.0
2025-07-26,3725.0,3791.55,3698.85,3738.15,291242.0
2025-07-27,3740.0,3874.8,3730.8,3872.55,269323.0
2025-07-28,3871.85,3940.3,3754.8,3795.05,263508.0
2025-07-29,3793.85,3884.15,3715.8,3791.65,301587.0
2025-07-30,3792.85,3832.5,3678.4,3806.95,242383.0
2025-07-31,3805.65,3876.05,3684.8,3696.25,203482.0
2025-08-01,3696.2,3722.65,3430.4,3488.15,286918.0
2025-08-02,3486.1,3535.1,3366.7,3392.15,247583.0
2025-08-03,3392.05,3517.55,3358.75,3494.4,193969.0
2025-08-04,3497.15,3734.6,3490.3,3719.2,246535.0
2025-08-05,3719.25,3719.25,3544.2,3610.25,260043.0
2025-08-06,3609.7,3695.55,3566.65,3681.95,217081.0
2025-08-07,3681.3,3924.9,3647.8,3908.0,311710.0
2025-08-08,3910.25,4068.8,3877.3,4007.6,289479.0
2025-08-09,4009.3,4322.95,4006.05,4259.15,253992.0
2025-08-10,4261.0,4323.15,4160.15,4248.05,243943.0
2025-08-11,4246.65,4362.95,4166.8,4221.35,315564.0
2025-08-12,4217.65,4634.5,4217.65,4589.0,274725.0
2025-08-13,4588.65,4781.5,4564.6,4746.1,208636.0
2025-08-14,4737.4,4791.8,4453.0,4544.05,276848.0
2025-08-15,4547.85,4663.4,4369.65,4438.6,217810.0
2025-08-16,4435.45,4487.5,4372.15,4419.5,180142.0
2025-08-17,4420.05,4572.25,4393.65,4467.35,291796.0
2025-08-18,4468.4,4478.2,4228.45,4310.4,287874.0
2025-08-19,4310.3,4352.6,4070.1,4073.7,364817.0
2025-08-20,4075.1,4375.8,4061.95,4334.05,288934.0
2025-08-21,4330.1,4336.85,4202.4,4223.9,255429.0
2025-08-22,4231.0,4885.4,4206.0,4830.35,403669.0
2025-08-23,4828.85,4828.85,4665.35,4777.55,208229.0
2025-08-24,4780.3,4954.75,4709.9,4778.55,447875.0
2025-08-25,4778.4,4795.6,4333.05,4372.0,355942.0
2025-08-26,4373.35,4631.5,4311.1,4598.0,247811.0
2025-08-27,4596.85,4662.45,4479.9,4505.2,256556.0
2025-08-28,4499.7,4630.65,4433.8,4511.35,223097.0
2025-08-29,4506.65,4510.75,4268.35,4356.95,290968.0
2025-08-30,4353.6,4412.55,4258.65,4371.35,193245.0
2025-08-31,4371.45,4494.2,4370.85,4389.05,334785.0
2025-09-01,4387.55,4487.0,4215.1,4312.15,317896.0
2025-09-02,4310.7,4413.95,4261.7,4323.8,260507.0
2025-09-03,4324.6,4485.65,4281.85,4448.6,212371.0
2025-09-04,4448.75,4480.0,4266.0,4295.4,238026.0
2025-09-05,4295.3,4479.2,4255.9,4305.7,288837.0
2025-09-06,4305.65,4325.95,4239.5,4270.55,163050.0
2025-09-07,4272.7,4334.35,4268.5,4304.3,173013.0
2025-09-08,4304.55,4382.05,4277.8,4304.0,292727.0
2025-09-09,4304.8,4380.0,4275.55,4307.0,232358.0
2025-09-10,4307.2,4449.1,4283.8,4346.95,194507.0
2025-09-11,4346.15,4470.3,4336.9,4456.9,168916.0
2025-09-12,4461.45,4739.05,4449.1,4710.0,216278.0
2025-09-13,4711.55,4763.65,4607.3,4664.95,274877.0
2025-09-14,4664.7,4687.7,4576.65,4602.4,254354.0
2025-09-15,4601.7,4667.55,4464.55,4522.85,279591.0
2025-09-16,4521.5,4535.0,4425.95,4499.45,246595.0
2025-09-17,4502.45,4613.7,4422.65,4589.2,236659.0
2025-09-18,4590.35,4640.45,4551.95,4585.45,147495.0
2025-09-19,4585.6,4619.5,4439.6,4466.5,165513.0
2025-09-20,4466.45,4506.3,4452.4,4478.6,102729.0
2025-09-21,4478.25,4495.3,4441.3,4443.0,129593.0
2025-09-22,4440.1,4453.2,4059.75,4197.2,348849.0
2025-09-23,4196.15,4225.4,4118.05,4162.2,147059.0
2025-09-24,4163.15,4204.3,4074.05,4150.8,194191.0
2025-09-25,4149.1,4158.7,3825.5,3873.1,301783.0
2025-09-26,3879.55,4063.8,3867.7,4029.8,227954.0
2025-09-27,4029.55,4035.55,3971.55,4016.2,114977.0
2025-09-28,4016.65,4142.55,3964.6,4142.55,234728.0
2025-09-29,4141.05,4231.4,4083.0,4212.95,242065.0
2025-09-30,4210.75,4239.4,4091.85,4142.6,243330.0
2025-10-01,4144.05,4348.5,4121.75,4341.1,281672.0
2025-10-02,4346.4,4514.0,4330.45,4481.4,296018.0
2025-10-03,4480.8,4588.3,4426.9,4509.15,304557.0
2025-10-04,4511.1,4515.75,4440.5,4485.3,148471.0
2025-10-05,4486.0,4615.25,4468.5,4512.35,312579.0
2025-10-06,4511.55,4732.35,4488.4,4684.05,276340.0
2025-10-07,4683.75,4752.3,4435.0,4445.45,363469.0
2025-10-08,4449.35,4555.85,4409.8,4523.35,168890.0
2025-10-09,4525.25,4528.75,4271.9,4365.4,204783.0
2025-10-10,4366.5,4391.3,3425.65,3823.7,514694.0
2025-10-11,3819.75,3869.6,3647.35,3743.75,156881.0
2025-10-12,3741.45,4189.65,3694.3,4150.65,225087.0
2025-10-13,4152.6,4285.25,4042.9,4239.5,195844.0
2025-10-14,4241.1,4261.7,3890.35,4120.2,261213.0
2025-10-15,4121.9,4212.45,3931.4,3983.85,158262.0
2025-10-16,3990.05,4082.1,3825.6,3892.0,187498.0
2025-10-17,3889.4,3948.1,3677.55,3829.95,238068.0
2025-10-18,3830.3,3924.45,3818.9,3886.65,109902.0
2025-10-19,3886.65,4026.7,3831.15,3980.9,308430.0
2025-10-20,3979.05,4082.2,3907.9,3977.55,227510.0
2025-10-21,3977.55,4107.6,3840.05,3870.85,271691.0
2025-10-22,3861.1,3884.7,3712.6,3803.4,274451.0
2025-10-23,3804.25,3927.05,3794.85,3854.25,250924.0
2025-10-24,3855.7,4024.7,3844.35,3933.0,202546.0
2025-10-25,3933.2,3966.1,3912.45,3952.25,97585.0
2025-10-26,3951.4,4173.5,3918.05,4156.65,271928.0
2025-10-27,4151.1,4250.8,4100.65,4117.5,243222.0
2025-10-28,4115.5,4173.5,3935.05,3977.9,251697.0
2025-10-29,3975.45,4033.05,3844.65,3900.4,200068.0
2025-10-30,3900.0,3946.0,3680.1,3801.4,268083.0
2025-10-31,3802.3,3901.45,3795.65,3846.0,203836.0
2025-11-01,3846.45,3902.65,3832.05,3873.05,88055.0
2025-11-02,3871.75,3915.5,3839.55,3906.6,191725.0
2025-11-03,3904.8,3912.85,3560.45,3602.3,353467.0
2025-11-04,3600.0,3650.5,3061.15,3287.4,406321.0
2025-11-05,3280.2,3477.8,3167.6,3422.3,154405.0
2025-11-06,3422.1,3453.1,3245.65,3312.25,202211.0
2025-11-07,3312.6,3470.0,3196.0,3433.55,251515.0
2025-11-08,3434.75,3485.2,3355.95,3399.5,199941.0
2025-11-09,3400.7,3620.6,3357.55,3581.35,269148.0
2025-11-10,3579.85,3655.5,3507.1,3566.45,174642.0
2025-11-11,3567.1,3647.2,3404.75,3415.9,183381.0
2025-11-12,3418.95,3585.5,3371.25,3412.45,162655.0
2025-11-13,3413.4,3558.85,3154.05,3233.05,267365.0
2025-11-14,3229.0,3255.25,3075.9,3110.85,263968.0
2025-11-15,3111.9,3229.3,3110.85,3166.55,201025.0
2025-11-16,3166.7,3247.7,3005.7,3095.4,318204.0
2025-11-17,3092.5,3219.15,2959.85,3029.4,248553.0
2025-11-18,3031.25,3168.2,2947.4,3122.15,226049.0
2025-11-19,3121.65,3124.1,2873.95,3023.75,277172.0
2025-11-20,3023.2,3061.8,2794.2,2833.3,245780.0
2025-11-21,2835.6,2881.6,2627.2,2765.3,219743.0
2025-11-22,2765.65,2795.75,2702.9,2768.75,130977.0
2025-11-23,2768.85,2856.6,2767.1,2800.6,313929.0
2025-11-24,2799.2,2981.9,2761.6,2952.05,281431.0
2025-11-25,2951.0,2977.65,2859.15,2959.3,177961.0
2025-11-26,2959.0,3042.45,2888.05,3025.7,187753.0
2025-11-27,3024.55,3069.45,2985.15,3013.65,164391.0
2025-11-28,3014.15,3096.95,2993.6,3029.8,238055.0
2025-11-29,3029.05,3049.05,2964.3,2987.55,167408.0
2025-11-30,2988.6,3051.55,2976.45,2990.65,162502.0
2025-12-01,2991.85,2995.75,2719.15,2798.55,345490.0
2025-12-02,2798.15,3029.9,2782.25,2994.45,170341.0
2025-12-03,2997.4,3213.7,2985.0,3187.0,202138.0
2025-12-04,3191.4,3236.2,3068.55,3132.1,164043.0
2025-12-05,3131.85,3189.65,2987.9,3020.4,244986.0
2025-12-06,3017.5,3066.15,3011.65,3036.8,106320.0
2025-12-07,3036.0,3147.4,2918.15,3062.95,297341.0
2025-12-08,3055.4,3178.8,3040.95,3123.0,176194.0
2025-12-09,3121.65,3396.3,3091.15,3319.95,247299.0
2025-12-10,3316.8,3443.1,3287.4,3322.8,170819.0
2025-12-11,3319.85,3325.6,3143.75,3235.1,194234.0
2025-12-12,3234.65,3262.8,3044.35,3083.25,213307.0
2025-12-13,3084.9,3132.8,3077.55,3113.05,104550.0
2025-12-14,3114.1,3127.85,3027.75,3061.2,284155.0
2025-12-15,3062.0,3174.3,2893.35,2963.3,251879.0
2025-12-16,2962.15,2975.8,2878.0,2960.65,175019.0
2025-12-17,2958.3,3026.8,2791.6,2831.45,260823.0
2025-12-18,2831.75,2996.45,2775.55,2827.75,239765.0
2025-12-19,2828.55,3013.25,2811.4,2978.5,167371.0
2025-12-20,2978.3,2992.25,2967.05,2976.6,86827.0
2025-12-21,2976.55,3011.1,2943.85,3000.65,251525.0
2025-12-22,3000.95,3071.45,2966.35,3007.75,227169.0
2025-12-23,3005.3,3033.0,2905.15,2963.05,220645.0
2025-12-24,2963.75,2975.5,2887.85,2946.25,149681.0
2025-12-25,2946.25,2969.7,2890.05,2902.5,220823.0
2025-12-26,2901.8,2991.0,2893.95,2926.85,224162.0
2025-12-27,2927.7,2958.75,2917.0,2947.95,140622.0
2025-12-28,2949.4,2957.55,2925.2,2948.75,215490.0
2025-12-29,2950.2,3053.75,2909.15,2936.45,309731.0
2025-12-30,2936.45,3004.4,2918.85,2972.25,173525.0
2025-12-31,2970.7,3023.1,2958.3,2970.6,165037.0
2026-01-01,2970.2,3008.0,2970.2,3002.05,148116.0
2026-01-02,3001.85,3146.6,2991.9,3123.9,274501.0
2026-01-03,3123.4,3135.0,3076.7,3125.65,100919.0
2026-01-04,3124.85,3161.25,3119.4,3143.35,182971.0
2026-01-05,3143.2,3262.15,3135.1,3223.75,285988.0
2026-01-06,3224.2,3303.5,3182.95,3295.7,222517.0
2026-01-07,3293.8,3293.95,3127.4,3167.2,188952.0
2026-01-08,3166.75,3180.55,3054.9,3105.45,188859.0
2026-01-09,3105.8,3144.9,3061.65,3087.2,188198.0
2026-01-10,3085.5,3102.15,3076.95,3085.45,106334.0
2026-01-11,3085.5,3142.3,3083.4,3120.95,256521.0
2026-01-12,3121.0,3168.95,3069.05,3093.85,213793.0
2026-01-13,3093.05,3377.9,3090.55,3324.55,279053.0
2026-01-14,3326.55,3402.25,3279.8,3352.7,156742.0
2026-01-15,3353.15,3382.5,3273.1,3317.35,149296.0
2026-01-16,3316.65,3324.9,3252.0,3294.7,131183.0
2026-01-17,3294.95,3327.3,3282.7,3308.9,137369.0
2026-01-18,3308.0,3367.15,3278.55,3283.5,209717.0
2026-01-19,3282.75,3282.75,3165.25,3188.1,233813.0
2026-01-20,3188.05,3198.5,2914.15,2938.25,286013.0
2026-01-21,2938.45,3064.95,2866.45,2980.65,221321.0
2026-01-22,2980.65,3035.0,2906.35,2951.25,135438.0
2026-01-23,2952.05,3016.7,2892.4,2955.55,210961.0
2026-01-24,2955.05,2968.4,2943.25,2952.1,121465.0
2026-01-25,2951.45,2958.8,2787.1,2815.75,406274.0
2026-01-26,2815.3,2946.8,2812.25,2928.95,179603.0
2026-01-27,2927.45,3033.35,2900.75,3024.85,207511.0
2026-01-28,3027.9,3043.6,2982.95,3008.9,160672.0
2026-01-29,3009.05,3011.6,2753.9,2821.3,264277.0
2026-01-30,2822.15,2826.8,2636.3,2705.65,250647.0
2026-01-31,2704.4,2713.3,2245.05,2450.25,328557.0
2026-02-01,2446.25,2473.65,2222.1,2268.55,339490.0
2026-02-02,2268.1,2394.75,2157.6,2344.1,228547.0
2026-02-03,2345.9,2356.5,2112.35,2230.5,448971.0
2026-02-04,2231.05,2294.8,2075.5,2146.4,317879.0
2026-02-05,2146.9,2171.5,1819.35,1824.75,391182.0
2026-02-06,1826.35,2092.2,1740.05,2062.75,305405.0
2026-02-07,2063.1,2121.5,1995.9,2090.65,1553741.0
2026-02-08,2088.25,2147.85,2066.2,2088.6,693998.0
2026-02-09,2089.3,2145.9,2008.9,2103.65,316771.0
2026-02-10,2105.4,2123.1,1988.6,2019.0,270918.0
2026-02-11,2019.3,2030.2,1901.65,1940.85,411111.0
2026-02-12,1940.8,1999.7,1897.5,1946.8,285927.0
2026-02-13,1943.9,2068.8,1924.05,2048.35,320517.0
2026-02-14,2048.0,2104.8,2041.5,2085.2,234894.0
2026-02-15,2085.55,2101.2,1928.7,1965.0,526922.0
2026-02-16,1964.35,2020.0,1936.95,1997.8,229260.0
2026-02-17,1997.4,2014.35,1942.05,1990.2,496770.0
2026-02-18,1990.7,2036.0,1922.3,1955.2,339305.0
2026-02-19,1954.2,1986.15,1907.05,1948.2,271236.0
2026-02-20,1947.3,1980.25,1924.35,1967.9,344545.0
2026-02-21,1967.55,1994.9,1955.55,1973.2,197030.0
2026-02-22,1972.0,1982.35,1934.25,1956.75,240957.0
2026-02-23,1957.1,1957.1,1837.4,1855.9,445786.0
2026-02-24,1856.8,1868.6,1799.95,1850.85,406248.0
2026-02-25,1851.7,2143.85,1845.75,2055.4,385933.0
2026-02-26,2054.6,2081.55,1975.4,2026.7,207233.0
2026-02-27,2025.8,2061.05,1888.85,1928.65,298069.0
2026-02-28,1928.6,1982.7,1836.55,1963.85,339982.0
2026-03-01,1966.0,2051.1,1907.6,1938.1,305833.0
2026-03-02,1937.1,2085.35,1920.75,2025.6,345128.0
2026-03-03,2027.95,2039.65,1931.5,1980.45,273105.0
2026-03-04,1981.95,2198.0,1944.95,2128.15,327766.0
2026-03-05,2125.9,2160.75,2054.7,2072.0,197860.0
2026-03-06,2071.85,2092.0,1956.2,1977.4,247864.0
2026-03-07,1977.7,1995.5,1950.1,1968.1,173819.0
2026-03-08,1968.95,1977.8,1909.85,1936.6,313113.0
2026-03-09,1936.0,2051.3,1929.7,1993.35,302421.0
2026-03-10,1991.6,2085.65,1991.0,2035.6,249823.0
2026-03-11,2035.4,2083.95,2006.85,2051.15,241557.0
2026-03-12,2052.15,2092.1,2016.6,2072.3,275187.0
2026-03-13,2072.9,2203.05,2070.6,2091.55,248823.0
2026-03-14,2089.5,2104.25,2060.55,2094.55,131266.0
2026-03-15,2095.6,2200.9,2082.2,2177.8,347192.0
2026-03-16,2178.65,2381.15,2164.25,2350.2,452111.0
2026-03-17,2343.55,2374.4,2297.1,2316.4,152733.0
2026-03-18,2316.75,2347.25,2155.55,2202.1,309583.0
2026-03-19,2201.35,2231.75,2100.15,2136.4,212358.0
2026-03-20,2136.95,2173.25,2116.8,2145.3,190088.0
2026-03-21,2145.4,2166.7,2069.35,2083.35,159944.0
2026-03-22,2082.55,2125.15,2025.5,2052.85,307653.0
2026-03-23,2058.4,2196.4,2022.95,2151.75,338905.0
2026-03-24,2154.45,2174.2,2103.55,2155.1,195806.0
2026-03-25,2156.0,2197.25,2146.65,2168.0,206545.0
2026-03-26,2169.0,2171.25,2034.9,2059.15,308979.0
2026-03-27,2058.5,2074.95,1969.45,1991.7,291063.0
2026-03-28,1991.35,2039.65,1982.0,1992.95,159185.0
2026-03-29,1993.5,2017.8,1938.05,1982.95,266716.0
2026-03-30,1985.3,2083.75,1979.95,2025.7,302813.0
2026-03-31,2024.5,2122.65,2012.45,2104.3,285798.0
2026-04-01,2102.5,2165.8,2082.7,2137.75,252052.0
2026-04-02,2138.6,2156.65,2017.5,2056.0,231501.0
2026-04-03,2056.7,2079.0,2040.1,2052.9,178274.0
2026-04-04,2052.05,2080.35,2043.5,2064.3,227001.0
2026-04-05,2064.25,2120.8,2022.35,2109.2,282777.0
2026-04-06,2114.6,2171.8,2088.8,2106.05,321056.0
2026-04-07,2105.3,2270.95,2061.4,2241.75,308816.0
2026-04-08,2240.6,2267.45,2180.25,2189.75,203082.0
2026-04-09,2189.35,2244.85,2156.45,2187.35,248833.0
2026-04-10,2188.95,2255.3,2175.65,2243.9,229619.0
2026-04-11,2243.45,2325.3,2228.0,2283.75,225978.0
2026-04-12,2283.2,2287.1,2175.85,2191.15,195147.0
2026-04-13,2189.95,2393.0,2178.85,2373.25,76183.0
2026-04-14,2366.05,2406.05,2308.5,2319.1,23165.0
2026-04-15,2333.9,2380.75,2307.65,2358.8,12404.0
2026-04-16,2356.8,2365.65,2284.95,2348.2,16167.0
2026-04-17,2332.3,2461.45,2321.5,2417.15,56539.0
2026-04-18,2416.05,2423.9,2339.15,2348.95,28508.0
2026-04-19,2351.15,2351.15,2253.05,2265.0,68954.0
2026-04-20,2260.9,2342.6,2260.9,2308.8,60161.0
2026-04-21,2315.15,2334.95,2287.25,2326.05,44704.0
2026-04-22,2328.05,2418.15,2318.55,2377.85,87405.0
2026-04-23,2374.3,2377.3,2286.85,2331.0,149489.0
2026-04-24,2327.6,2335.55,2298.95,2310.7,39579.0
2026-04-25,2313.05,2320.0,2302.95,2316.95,51491.0
2026-04-26,2314.9,2378.65,2306.5,2368.0,34389.0
2026-04-27,2374.6,2403.75,2267.55,2305.4,32566.0
2026-04-28,2299.25,2305.4,2262.1,2284.55,32686.0
2026-04-29,2286.5,2346.0,2219.1,2251.65,7892.0
2026-04-30,2253.2,2275.1,2238.65,2253.15,16352.0
2026-05-01,2259.05,2322.9,2258.7,2292.65,23512.0
2026-05-02,2294.95,2341.25,2294.95,2315.75,18465.0
2026-05-03,2312.55,2352.55,2299.3,2319.8,27421.0
2026-05-04,2319.1,2394.7,2308.15,2346.25,53232.0
2026-05-05,2352.2,2394.25,2352.2,2361.75,57410.0
2026-05-06,2362.15,2419.85,2337.15,2350.3,94228.0
2026-05-07,2349.4,2351.15,2280.5,2289.65,94249.0
2026-05-08,2291.55,2320.25,2265.0,2306.25,95953.0
2026-05-09,2303.8,2334.15,2301.3,2323.75,20049.0
2026-05-10,2323.5,2380.35,2311.9,2376.0,22699.0
2026-05-11,2373.9,2373.9,2302.9,2339.75,33370.0
2026-05-12,2333.8,2333.8,2256.75,2276.0,26394.0
2026-05-13,2279.8,2321.7,2233.2,2257.4,46781.0
2026-05-14,2259.5,2315.4,2239.0,2284.45,67251.0
2026-05-15,2288.55,2296.5,2206.9,2224.15,60702.0
2026-05-16,2226.55,2229.0,2160.7,2179.45,54586.0
2026-05-17,2177.25,2196.3,2091.2,2127.55,50748.0
2026-05-18,2123.3,2152.5,2076.45,2130.0,53321.0
2026-05-19,2135.7,2145.0,2095.0,2112.85,18680.0
2026-05-20,2107.6,2148.0,2102.6,2128.25,12943.0
2026-05-21,2131.0,2155.0,2106.75,2133.0,27784.0
2026-05-22,2132.0,2140.0,2058.4,2065.7,20217.0
2026-05-23,2064.05,2140.05,2008.95,2117.0,120981.0
2026-05-24,2118.35,2128.35,2061.35,2102.25,38764.0
2026-05-25,2103.55,2139.5,2093.7,2112.8,15048.0
2026-05-26,2110.95,2130.0,2057.95,2071.55,32843.0
2026-05-27,2076.05,2095.9,2015.05,2020.9,70527.0
2026-05-28,2025.45,2029.0,1970.95,2007.65,32738.0
2026-05-29,2015.8,2041.8,1978.35,2009.6,10015.0
2026-05-30,2013.5,2030.6,2002.95,2020.4,27810.0
2026-05-31,2026.0,2035.2,1993.0,2007.0,92160.0
2026-06-01,2008.0,2020.0,1960.0,2006.5,26132.0
2026-06-02,2001.6,2002.6,1837.95,1849.75,56629.0
2026-06-03,1857.3,1890.85,1770.0,1812.0,53638.0
2026-06-04,1817.45,1817.45,1720.0,1760.65,100384.0
2026-06-05,1768.2,1772.45,1540.2,1582.4,298809.0
2026-06-06,1585.45,1599.65,1506.1,1566.45,548419.0
2026-06-07,1568.45,1721.05,1562.9,1689.55,469819.0
2026-06-08,1690.75,1713.1,1647.0,1686.2,85076.0
2026-06-09,1686.35,1696.0,1613.75,1637.7,48977.0
2026-06-10,1638.0,1665.2,1606.0,1620.2,58854.0
2026-06-11,1623.4,1688.55,1621.9,1673.15,117799.0
2026-06-12,1671.45,1688.45,1651.75,1665.4,68438.0
2026-06-13,1665.1,1695.35,1662.85,1678.5,19889.0
2026-06-14,1682.0,1727.6,1654.35,1718.6,12037.0
2026-06-15,1730.75,1847.7,1710.15,1795.85,23035.0
2026-06-16,1794.0,1838.5,1758.0,1795.9,37493.0
2026-06-17,1796.0,1807.7,1725.0,1749.3,40626.0
2026-06-18,1751.35,1761.5,1672.5,1711.25,22446.0
2026-06-19,1713.2,1715.75,1682.75,1713.55,23559.0
2026-06-20,1708.7,1744.7,1704.1,1740.2,83300.0
2026-06-21,1737.4,1740.35,1701.75,1704.95,62938.0
2026-06-22,1708.0,1776.6,1708.0,1729.4,27660.0
2026-06-23,1719.75,1734.0,1637.95,1662.95,22610.0
2026-06-24,1667.85,1690.45,1554.4,1622.5,52528.0
2026-06-25,1623.25,1657.95,1548.0,1566.0,43458.0
2026-06-26,1567.95,1590.85,1511.55,1577.9,31473.0
2026-06-27,1578.05,1608.15,1562.1,1572.4,119004.0
2026-06-28,1575.2,1585.2,1548.0,1572.15,183958.0
2026-06-29,1567.1,1633.55,1549.95,1611.15,132142.0
2026-06-30,1607.4,1607.4,1556.9,1571.95,63208.0
2026-07-01,1572.65,1643.85,1553.6,1610.15,89108.0
2026-07-02,1605.75,1719.5,1597.5,1700.0,22761.0
2026-07-03,1709.15,1775.0,1695.4,1759.25,16740.0
2026-07-04,1757.2,1804.95,1745.35,1779.8,150233.0
2026-07-05,1775.05,1802.45,1748.9,1787.2,145999.0
2026-07-06,1788.5,1823.55,1729.35,1802.35,20569.0
2026-07-07,1798.5,1805.6,1766.15,1775.0,9787.0
2026-07-08,1757.55,1762.0,1716.45,1743.0,18390.0
