datetime,open,high,low,close
2024-05-05,0.6599,0.66175,0.65959,0.66084
2024-05-06,0.66082,0.66381,0.65978,0.6623
2024-05-07,0.66306,0.66449,0.65827,0.65886
2024-05-08,0.65883,0.6594,0.6555,0.6575
2024-05-09,0.65775,0.6623,0.6563,0.66168
2024-05-10,0.66169,0.66223,0.6593,0.6603
2024-05-12,0.66,0.6631,0.6597,0.65998
2024-05-13,0.65998,0.66287,0.6583,0.6609
2024-05-14,0.6611,0.66277,0.65757,0.6623
2024-05-15,0.66236,0.67014,0.66207,0.66996
2024-05-16,0.66996,0.6714,0.66451,0.66819
2024-05-17,0.66819,0.67009,0.6646,0.66869
2024-05-19,0.669,0.67033,0.66885,0.6697
2024-05-20,0.66994,0.67092,0.66606,0.66715
2024-05-21,0.66716,0.66789,0.6645,0.6664
2024-05-22,0.66658,0.66851,0.65764,0.66181
2024-05-23,0.66184,0.66531,0.6595,0.66003
2024-05-24,0.66005,0.66364,0.6589,0.6624
2024-05-26,0.66188,0.66342,0.66188,0.66225
2024-05-27,0.6622,0.66598,0.662,0.66556
2024-05-28,0.66555,0.66797,0.65852,0.66474
2024-05-29,0.66475,0.66658,0.6604,0.66134
2024-05-30,0.66135,0.66475,0.65594,0.66294
2024-05-31,0.66295,0.66727,0.6625,0.66473
2024-06-02,0.6636,0.66565,0.6636,0.66553
2024-06-03,0.66551,0.6695,0.663,0.66894
2024-06-04,0.66895,0.66985,0.6628,0.6643
2024-06-05,0.6645,0.66645,0.66229,0.66553
2024-06-06,0.66554,0.66834,0.6631,0.66693
2024-06-07,0.66692,0.66812,0.65118,0.65135
2024-06-09,0.65806,0.65829,0.65756,0.65817
2024-06-10,0.6582,0.66121,0.6573,0.66074
2024-06-11,0.66073,0.66133,0.6586,0.66075
2024-06-12,0.66074,0.67041,0.6595,0.6663
2024-06-13,0.66631,0.66753,0.66178,0.66309
2024-06-14,0.6631,0.66415,0.6589,0.6612
2024-06-16,0.6598,0.66176,0.6598,0.661
2024-06-17,0.66122,0.66192,0.6582,0.66176
2024-06-18,0.66175,0.6662,0.6599,0.6661
2024-06-19,0.66609,0.66772,0.66549,0.66737
2024-06-20,0.66737,0.66792,0.66103,0.66604
2024-06-21,0.66603,0.66697,0.6629,0.664
2024-06-23,0.66359,0.66417,0.6631,0.66344
2024-06-24,0.66346,0.66677,0.6623,0.66538
2024-06-25,0.66539,0.66727,0.66059,0.66446
2024-06-26,0.6644,0.66886,0.66294,0.66452
2024-06-27,0.66453,0.66725,0.6637,0.66497
2024-06-28,0.66496,0.66845,0.6617,0.66642
2024-06-30,0.66797,0.66809,0.667,0.66734
2024-07-01,0.66737,0.66885,0.6641,0.6654
2024-07-02,0.6654,0.66707,0.6631,0.66686
2024-07-03,0.66686,0.67333,0.6663,0.67116
2024-07-04,0.67117,0.67317,0.6708,0.6724
2024-07-05,0.67248,0.67527,0.67049,0.67269
2024-07-07,0.67333,0.67491,0.67306,0.6743
2024-07-08,0.67459,0.67609,0.67142,0.67426
2024-07-09,0.67425,0.67476,0.6721,0.6739
2024-07-10,0.67415,0.67522,0.6729,0.67515
2024-07-11,0.67515,0.67983,0.67416,0.67697
2024-07-12,0.67694,0.67935,0.66739,0.66748
2024-07-14,0.67679,0.67779,0.67642,0.677
2024-07-15,0.67703,0.67887,0.675,0.67623
2024-07-16,0.67622,0.6763,0.6712,0.67302
2024-07-17,0.6735,0.67546,0.67132,0.6728
2024-07-18,0.67296,0.67435,0.66871,0.67035
2024-07-19,0.67035,0.67074,0.66566,0.6684
2024-07-21,0.66875,0.6702,0.66828,0.66956
2024-07-22,0.66955,0.66957,0.6629,0.66385
2024-07-23,0.66387,0.66459,0.66064,0.66118
2024-07-24,0.66119,0.66131,0.65664,0.65734
2024-07-25,0.65732,0.65739,0.65036,0.65397
2024-07-26,0.65396,0.65684,0.65051,0.65051
2024-07-28,0.65471,0.65603,0.65459,0.65526
2024-07-29,0.65525,0.65682,0.6522,0.65508
2024-07-30,0.65508,0.65622,0.6466,0.654
2024-07-31,0.654,0.65555,0.6477,0.65481
2024-08-01,0.65477,0.65597,0.64615,0.64932
2024-08-02,0.64933,0.65473,0.64045,0.64045
2024-08-04,0.6513,0.65176,0.6492,0.64975
2024-08-05,0.64969,0.65219,0.63483,0.6515
2024-08-06,0.6516,0.65417,0.60242,0.65138
2024-08-07,0.65304,0.65747,0.6505,0.65183
2024-08-08,0.65181,0.65944,0.6509,0.65906
2024-08-09,0.65906,0.66051,0.65224,0.65516
2024-08-11,0.65647,0.65752,0.65626,0.6567
2024-08-12,0.65679,0.66051,0.6565,0.65844
2024-08-13,0.65845,0.66389,0.64702,0.6636
2024-08-14,0.66375,0.66428,0.65711,0.65971
2024-08-15,0.65979,0.66346,0.65641,0.66116
2024-08-16,0.66115,0.66712,0.65505,0.65505
2024-08-18,0.666,0.66762,0.6635,0.66723
2024-08-19,0.66729,0.67379,0.6668,0.67333
2024-08-20,0.67336,0.6749,0.67016,0.6746
2024-08-21,0.67461,0.6761,0.67246,0.67491
2024-08-22,0.67492,0.67527,0.66665,0.6704
2024-08-23,0.67065,0.67983,0.66844,0.66844
2024-08-25,0.6783,0.67967,0.67829,0.67871
2024-08-26,0.67871,0.67962,0.67426,0.67728
2024-08-27,0.67729,0.6796,0.6759,0.6787
2024-08-28,0.6787,0.68129,0.6762,0.67828
2024-08-29,0.67829,0.68238,0.67755,0.67954
2024-08-30,0.67955,0.68164,0.67472,0.67472
2024-09-01,0.67604,0.67728,0.67558,0.6765
2024-09-02,0.67678,0.6796,0.6754,0.67868
2024-09-03,0.6787,0.67922,0.66814,0.67127
2024-09-04,0.6711,0.67492,0.66622,0.67156
2024-09-05,0.6715,0.67418,0.6711,0.67404
2024-09-06,0.67404,0.67669,0.66422,0.66691
2024-09-08,0.66638,0.66742,0.66623,0.66694
2024-09-09,0.66695,0.66889,0.66405,0.66573
2024-09-10,0.66574,0.66763,0.66163,0.66529
2024-09-11,0.66529,0.66792,0.66161,0.66742
2024-09-12,0.66743,0.67283,0.6654,0.6726
2024-09-13,0.67256,0.67326,0.66742,0.66805
2024-09-15,0.66996,0.67137,0.6689,0.6713
2024-09-16,0.67132,0.67535,0.6703,0.67516
2024-09-17,0.67514,0.67687,0.67379,0.6758
2024-09-18,0.67603,0.68201,0.67169,0.67658
2024-09-19,0.6763,0.6839,0.67256,0.68088
2024-09-20,0.68091,0.68287,0.678,0.67911
2024-09-22,0.67968,0.68107,0.67953,0.68095
2024-09-23,0.68096,0.68536,0.6798,0.6833
2024-09-24,0.68329,0.6907,0.6812,0.69056
2024-09-25,0.69057,0.6908,0.68127,0.6819
2024-09-26,0.68189,0.69047,0.6818,0.68924
2024-09-27,0.68919,0.69371,0.6866,0.6901
2024-09-29,0.69017,0.69202,0.68932,0.69183
2024-09-30,0.69186,0.69417,0.68809,0.69152
2024-10-01,0.69152,0.69345,0.68501,0.68794
2024-10-02,0.68793,0.69157,0.68496,0.68841
2024-10-03,0.68839,0.68862,0.68017,0.685
2024-10-04,0.68501,0.68522,0.66385,0.66536
2024-10-06,0.67825,0.68076,0.67825,0.67973
2024-10-07,0.67971,0.68099,0.66846,0.67552
2024-10-08,0.67548,0.67694,0.67105,0.6736
2024-10-09,0.6739,0.67615,0.67014,0.67158
2024-10-10,0.67157,0.67435,0.66983,0.67404
2024-10-11,0.67407,0.67591,0.6722,0.67475
2024-10-13,0.6745,0.6745,0.6745,0.6745
2024-10-14,0.6732,0.6749,0.6699,0.6724
2024-10-15,0.6724,0.67326,0.6672,0.66774
2024-10-16,0.66773,0.67009,0.66539,0.6661
2024-10-17,0.66641,0.67102,0.666,0.66991
2024-10-18,0.66989,0.67193,0.6692,0.67015
2024-10-20,0.6708,0.67153,0.6704,0.67135
2024-10-21,0.67138,0.67233,0.6649,0.6652
2024-10-22,0.66534,0.6695,0.6648,0.66816
2024-10-23,0.66812,0.66914,0.6611,0.6632
2024-10-24,0.66345,0.66612,0.66088,0.6634
2024-10-25,0.66344,0.66467,0.65711,0.6603
2024-10-27,0.66029,0.6614,0.66011,0.66025
2024-10-28,0.66026,0.66102,0.6575,0.65832
2024-10-29,0.65825,0.65847,0.6542,0.65581
2024-10-30,0.65582,0.65961,0.6534,0.657
2024-10-31,0.65725,0.65842,0.6537,0.65766
2024-11-01,0.65765,0.65913,0.65378,0.65577
2024-11-03,0.66082,0.661,0.65837,0.65906
2024-11-04,0.65907,0.66189,0.65685,0.65838
2024-11-05,0.65833,0.66446,0.6576,0.66398
2024-11-06,0.66399,0.66416,0.6511,0.6566
2024-11-07,0.65667,0.66878,0.6561,0.66748
2024-11-08,0.66749,0.66755,0.64844,0.6582
2024-11-10,0.65769,0.65878,0.65684,0.65838
2024-11-11,0.65932,0.65982,0.656,0.65786
2024-11-12,0.65783,0.65815,0.6512,0.65287
2024-11-13,0.6533,0.6546,0.64737,0.64934
2024-11-14,0.64938,0.64958,0.64222,0.64552
2024-11-15,0.64553,0.64815,0.64022,0.64583
2024-11-17,0.64563,0.64647,0.64563,0.64646
2024-11-18,0.64624,0.65112,0.6446,0.65054
2024-11-19,0.65057,0.65413,0.648,0.65413
2024-11-20,0.6541,0.65445,0.6482,0.65118
2024-11-21,0.65117,0.65323,0.64811,0.65092
2024-11-22,0.65089,0.65215,0.64312,0.64312
2024-11-25,0.6518,0.6523,0.64546,0.6462
2024-11-26,0.64632,0.65073,0.6432,0.64744
2024-11-27,0.6474,0.65032,0.64566,0.64968
2024-11-28,0.64965,0.6513,0.63445,0.65068
2024-11-29,0.65068,0.6528,0.63283,0.63283
2024-12-01,0.65098,0.65134,0.64976,0.65015
2024-12-02,0.64992,0.65109,0.644,0.64746
2024-12-03,0.64742,0.65046,0.64491,0.64848
2024-12-04,0.64849,0.64883,0.6397,0.64312
2024-12-05,0.64327,0.6462,0.64024,0.64507
2024-12-06,0.6449,0.64512,0.63279,0.6388
2024-12-08,0.6384,0.64017,0.6384,0.63991
2024-12-09,0.63991,0.64714,0.6377,0.6437
2024-12-10,0.64374,0.64377,0.6363,0.63755
2024-12-11,0.63779,0.63893,0.6334,0.6382
2024-12-12,0.63821,0.64294,0.63464,0.63709
2024-12-13,0.63703,0.63837,0.63273,0.6361
2024-12-15,0.63505,0.63679,0.63475,0.63664
2024-12-16,0.63667,0.63827,0.63428,0.63764
2024-12-17,0.63765,0.63778,0.61904,0.63391
2024-12-18,0.63385,0.63389,0.6197,0.6205
2024-12-19,0.62388,0.62653,0.62203,0.623
2024-12-20,0.623,0.62745,0.6213,0.6249
2024-12-22,0.62498,0.62573,0.62432,0.62538
2024-12-23,0.62543,0.62648,0.6216,0.62431
2024-12-24,0.62429,0.62486,0.60106,0.6236
2024-12-25,0.6235,0.6348,0.54287,0.62429
2024-12-26,0.6241,0.62543,0.61884,0.6221
2024-12-27,0.62224,0.623,0.6198,0.6216
2024-12-29,0.6211,0.62336,0.62083,0.62246
2024-12-30,0.62247,0.62467,0.62,0.62177
2024-12-31,0.62178,0.62316,0.6176,0.61844
2025-01-01,0.61893,0.61944,0.61775,0.61934
2025-01-02,0.61931,0.62227,0.6186,0.62008
2025-01-03,0.62,0.62254,0.6195,0.6215
2025-01-05,0.62099,0.62244,0.62005,0.62203
2025-01-06,0.62204,0.63023,0.6215,0.6236
2025-01-07,0.62381,0.62882,0.6226,0.62341
2025-01-08,0.62343,0.62421,0.61743,0.6207
2025-01-09,0.62115,0.62131,0.61638,0.61894
2025-01-10,0.61896,0.6206,0.6137,0.6143
2025-01-12,0.61445,0.61584,0.61392,0.61535
2025-01-13,0.6145,0.62028,0.6129,0.6191
2025-01-14,0.61828,0.62074,0.6164,0.6189
2025-01-15,0.61907,0.62464,0.6179,0.62353
2025-01-16,0.6235,0.62455,0.61907,0.62095
2025-01-17,0.62094,0.62272,0.6163,0.6188
2025-01-19,0.61953,0.61995,0.61896,0.61971
2025-01-20,0.62,0.62863,0.59047,0.628
2025-01-21,0.62803,0.62887,0.56471,0.627
2025-01-22,0.62643,0.62955,0.6251,0.62728
2025-01-23,0.62729,0.62996,0.6253,0.62826
2025-01-24,0.62827,0.63307,0.6276,0.6312
2025-01-26,0.62958,0.63041,0.62906,0.62927
2025-01-27,0.62931,0.6313,0.6256,0.62588
2025-01-28,0.62594,0.62738,0.6219,0.62513
2025-01-29,0.62322,0.62496,0.62015,0.6239
2025-01-30,0.62391,0.62432,0.6197,0.62136
2025-01-31,0.6214,0.62623,0.62019,0.6208
2025-02-02,0.61536,0.61645,0.61373,0.61413
2025-02-03,0.61386,0.62365,0.613,0.62171
2025-02-04,0.62171,0.6262,0.61702,0.62491
2025-02-05,0.62492,0.62968,0.6237,0.62835
2025-02-06,0.6282,0.62878,0.6252,0.62811
2025-02-07,0.62807,0.63006,0.6251,0.62698
2025-02-09,0.62339,0.62607,0.62294,0.62577
2025-02-10,0.62624,0.62873,0.6249,0.62697
2025-02-11,0.62699,0.63017,0.6258,0.62967
2025-02-12,0.62955,0.63094,0.6233,0.62813
2025-02-13,0.62815,0.63227,0.6253,0.63166
2025-02-14,0.6316,0.63678,0.6307,0.635
2025-02-16,0.63427,0.63565,0.63421,0.63559
2025-02-17,0.6356,0.63739,0.63478,0.6355
2025-02-18,0.6355,0.63681,0.6333,0.63521
2025-02-19,0.63522,0.63701,0.6335,0.63403
2025-02-20,0.63404,0.6408,0.6326,0.64019
2025-02-21,0.64,0.64079,0.6349,0.6355
2025-02-23,0.63604,0.63736,0.63546,0.63686
2025-02-24,0.63684,0.63922,0.6335,0.63384
2025-02-25,0.63526,0.63564,0.632,0.63511
2025-02-26,0.63343,0.63349,0.6294,0.63088
2025-02-27,0.6309,0.63099,0.6228,0.62312
2025-02-28,0.62092,0.6222,0.61823,0.62032
2025-03-02,0.62127,0.62237,0.62015,0.62197
2025-03-03,0.62216,0.62543,0.6202,0.62153
2025-03-04,0.6218,0.62793,0.6195,0.62675
2025-03-05,0.62665,0.63424,0.6232,0.63365
2025-03-06,0.63362,0.63637,0.632,0.63312
2025-03-07,0.63311,0.63371,0.628,0.6305
2025-03-09,0.63066,0.63113,0.62829,0.63027
2025-03-10,0.63029,0.63311,0.6262,0.62799
2025-03-11,0.62769,0.63116,0.62553,0.62951
2025-03-12,0.62955,0.63282,0.62746,0.63281
2025-03-13,0.63282,0.63336,0.6267,0.62855
2025-03-14,0.62849,0.63313,0.6275,0.63205
2025-03-16,0.63218,0.63333,0.63109,0.63249
2025-03-17,0.63248,0.63909,0.6319,0.63805
2025-03-18,0.6379,0.63907,0.6341,0.63613
2025-03-19,0.63613,0.63665,0.6318,0.63628
2025-03-20,0.6362,0.63632,0.62597,0.63019
2025-03-21,0.63018,0.6306,0.6257,0.62655
2025-03-23,0.62648,0.62884,0.62616,0.62884
2025-03-24,0.62886,0.63051,0.62267,0.62861
2025-03-25,0.62862,0.63252,0.62639,0.63064
2025-03-26,0.63064,0.63304,0.6277,0.62863
2025-03-27,0.62859,0.63182,0.62724,0.63005
2025-03-28,0.63002,0.63121,0.6278,0.62824
2025-03-30,0.62817,0.62894,0.6267,0.62821
2025-03-31,0.62819,0.63003,0.6217,0.62396
2025-04-01,0.62391,0.62905,0.6229,0.62877
2025-04-02,0.62878,0.63409,0.6225,0.62636
2025-04-03,0.62634,0.63885,0.6255,0.63254
2025-04-04,0.63256,0.63317,0.5985,0.6041
2025-04-06,0.59906,0.60092,0.59289,0.59857
2025-04-07,0.60142,0.61263,0.59404,0.59967
2025-04-08,0.59953,0.60849,0.5937,0.595
2025-04-09,0.59727,0.61754,0.5949,0.61329
2025-04-10,0.61325,0.62494,0.6114,0.62226
2025-04-11,0.62223,0.63,0.6179,0.6287
2025-04-13,0.63026,0.63055,0.62776,0.63002
2025-04-14,0.63004,0.63429,0.62746,0.63182
2025-04-15,0.63195,0.63831,0.6317,0.6336
2025-04-16,0.6337,0.63915,0.633,0.63687
2025-04-17,0.63691,0.63937,0.6331,0.63882
2025-04-20,0.63678,0.63925,0.63632,0.63891
2025-04-21,0.63892,0.64375,0.6381,0.64212
2025-04-22,0.64211,0.6439,0.6347,0.6375
2025-04-23,0.63752,0.64351,0.635,0.63636
2025-04-24,0.63636,0.64141,0.6342,0.63998
2025-04-25,0.63999,0.64205,0.6372,0.6397
2025-04-27,0.639,0.6406,0.6354,0.6382
2025-04-28,0.63819,0.64348,0.6366,0.64273
2025-04-29,0.64274,0.64494,0.6373,0.63858
2025-04-30,0.6387,0.64177,0.6355,0.64101
2025-05-01,0.64099,0.64273,0.6363,0.63851
2025-05-02,0.63852,0.64699,0.638,0.64393
2025-05-04,0.6444,0.64576,0.64108,0.64434
