Date,close,high,low,open,volume
2023-01-19,748.96240234375,762.708912209031,746.0061662499165,751.8201212923666,2185302
2023-01-20,730.6337280273438,752.8547562516274,727.6282335031999,748.9131083131372,3001352
2023-01-23,723.2432250976562,736.2506768875048,715.4091868490716,726.790684610896,3335294
2023-01-24,711.5167846679688,727.1356023179508,708.5112898346222,724.2778832106361,3146984
2023-01-25,714.078857421875,716.2960345074597,706.5404312729761,712.4529035012018,1567673
2023-01-27,710.8269653320312,717.6263326030719,701.219197748262,717.1828851471729,2706934
2023-01-30,691.463623046875,714.4237109704885,682.6934320542922,714.4237109704885,2277856
2023-01-31,705.9984741210938,709.299580425397,693.8779179544555,698.3615307458211,2294866
2023-02-01,719.05517578125,727.9238841186087,709.2995725522444,711.4674910636654,3271508
2023-02-02,716.7887573242188,726.1501719049583,711.2211551209199,719.1044516099637,2299091
2023-02-03,721.1737670898438,723.5880385822302,709.0039526280103,716.394542822187,2558496
2023-02-06,700.6771850585938,720.6317779016046,698.7556196447562,717.2320944993959,1202963
2023-02-07,703.6827392578125,710.1372364700068,695.7994426515587,697.671749653456,1946683
2023-02-08,721.2723999023438,725.263306885461,702.1553810705481,707.3287946047175,1793312
2023-02-09,713.1920166015625,726.6429159984893,711.9109928839462,722.307078644484,956700
2023-02-10,708.4620361328125,716.0497212761712,701.6134100590384,711.4675309868339,997205
2023-02-13,707.5751342773438,717.0843849376594,704.5696394526905,705.555051535841,863438
2023-02-14,713.2904663085938,715.409126208582,705.0130414310629,711.1226079813587,931784
2023-02-15,716.5424194335938,717.9712188365685,709.5952161401602,709.5952161401602,859372
2023-02-16,717.3306884765625,720.7796305296797,713.3890404158573,720.1390886619046,649802
2023-02-17,717.774169921875,725.1647603858779,714.8179337362739,715.4091569154824,1142716
2023-02-20,712.7977294921875,722.3069791279756,710.8762242528913,717.774108091767,606435
2023-02-21,709.59521484375,725.2632909757302,706.8360730483419,719.3508184949497,1749017
2023-02-22,689.7391967773438,712.6992861908299,684.8613949569675,709.5952140838323,1810091
2023-02-23,691.0694580078125,703.879814646167,689.8869515199318,691.6607413241421,1824396
2023-02-24,675.0072631835938,696.4399755547516,667.321061120824,694.7155044444286,2142286
2023-02-27,670.5728759765625,675.0072300425353,656.1365659038737,674.514524035205,1814311
2023-02-28,657.4669799804688,673.9726330278127,655.2005441282976,673.9726330278127,1915622
2023-03-01,666.8283081054688,668.8976492341417,658.2552117320987,658.2552117320987,1464537
2023-03-02,665.2516479492188,673.7262276285331,663.7735298807686,670.2280268954901,1091983
2023-03-03,672.3466186523438,675.9926552064653,666.1877934409146,671.5583010542363,1084202
2023-03-06,664.4140625,673.8247353755681,663.5271676133906,673.5291237949574,1215223
2023-03-08,665.5472412109375,667.123876240155,654.3135211572569,660.2259927339791,1539129
2023-03-09,670.2772827148438,681.8558742034635,662.7388565388098,667.2224692990645,6336933
2023-03-10,669.4889526367188,671.4104579661853,656.3829246120098,658.5015845198535,5369878
2023-03-13,665.744384765625,681.3632024982204,663.2315959619879,672.8393638513152,1602921
2023-03-14,662.2461547851562,672.8393343004478,657.9596364345542,668.1093684993198,1555671
2023-03-15,669.7352905273438,674.810126245551,664.8574890935131,671.0655726707632,1173429
2023-03-16,652.7369995117188,665.8429684210711,639.5817118815099,665.3502623707586,2512474
2023-03-17,666.5327758789062,668.1094111984529,654.8063477011385,660.2261143111555,1667707
2023-03-20,658.403076171875,663.0837833447274,650.3719440173857,663.0837833447274,1480884
2023-03-21,656.0380859375,661.7042053428934,652.3427906731131,661.7042053428934,1133592
2023-03-22,652.5891723632812,661.4578813874708,650.4212536839674,656.284467790027,949388
2023-03-23,658.0581665039062,661.014402705761,648.6474932902913,652.244271393793,1099501
2023-03-24,648.2040405273438,661.3593276048263,646.1839578348943,661.3593276048263,1563002
2023-03-27,649.23876953125,656.777196519963,646.2825330877993,651.455946863838,1134491
2023-03-28,650.3719482421875,653.2789257973772,646.3810414978387,652.4906081920998,1190600
2023-03-29,668.9962768554688,675.4507138702954,648.9923637642579,653.6238125116532,2208428
2023-03-31,678.06201171875,682.3978488233369,666.9268675141986,669.094786066492,1447293
2023-04-03,672.248046875,681.5602018668615,666.2863165837865,680.328436924678,1335604
2023-04-05,676.5346069335938,679.9342904146222,665.2023687600167,668.6020522410452,1188370
2023-04-06,672.7408447265625,677.9635167657143,670.3265730812168,677.9635167657143,726290
2023-04-10,678.4561767578125,683.1368838596275,672.8393162066792,674.0710812334726,600036
2023-04-11,703.1900024414062,704.5696033450278,678.4561844797925,683.629597651207,4076632
2023-04-12,707.772216796875,711.9602180796968,701.0221681989447,709.3981707645881,1810361
2023-04-13,710.1372680664062,711.4675503699883,703.8306064428866,706.5404897718582,835749
2023-04-17,710.67919921875,713.093470827039,703.5842202627745,703.5842202627745,1253589
2023-04-18,708.8561401367188,714.4237423244693,702.0075744468108,709.5459406065396,837349
2023-04-19,711.8123779296875,722.9968409045722,704.9144935053597,704.9144935053597,2268330
2023-04-20,705.35791015625,716.3945367821239,702.3031569596563,715.4091247645418,1033900
2023-04-21,700.2830810546875,708.5112474223351,692.8431721349178,708.5112474223351,1416385
2023-04-24,709.841552734375,713.3398136600998,694.8633375514646,698.2137024656297,729151
2023-04-25,714.4237670898438,719.9420507501426,707.328787994616,709.8415768016309,1079227
2023-04-26,712.8963623046875,714.0788687981271,701.6133822604479,709.4966786903406,1277410
2023-04-27,721.420166015625,724.0315321083616,707.1316907307373,712.4529400671595,1247848
2023-04-28,714.7193603515625,725.2632815001539,711.0240650993538,725.2632815001539,1593083
2023-05-02,727.1355590820312,735.6100784598264,717.8726619664883,721.2723454900001,1965606
2023-05-03,721.7650756835938,724.770570438919,715.3106387167985,720.3362161670289,1215913
2023-05-04,727.9238891601562,731.175736877421,719.597145356788,723.2431819496876,1464468
2023-05-05,722.6519165039062,730.8308847897212,719.8435161660982,725.5588941354495,945667
2023-05-08,722.1099243164062,730.1903149998813,719.400041231049,724.86906597436,1132367
2023-05-09,714.029541015625,729.6976165290554,711.9601997869581,722.8982493866736,1179219
2023-05-10,713.783203125,718.9566164510306,708.905461533423,714.4237450232773,919645
2023-05-11,700.2337646484375,718.7595589332423,698.1644234427918,716.8872520178278,1284636
2023-05-12,692.3997802734375,698.5586054016621,681.0675420375042,689.6898972170186,1499306
2023-05-15,695.2573852539062,700.1351864070193,686.8321251593138,691.6606677441677,998259
2023-05-16,692.4983520507812,700.677260437366,690.3304334056575,700.0860372363238,874913
2023-05-17,684.9598999023438,691.1187252868231,681.7080521282945,691.1187252868231,1686465
2023-05-18,681.9544067382812,699.1498592809113,679.1952649885386,690.5767622967139,3667407
2023-05-19,683.7280883789062,686.4379713639913,671.1148268772837,685.8467482251555,2329260
2023-05-22,694.3213500976562,697.4746808851961,677.421568462743,681.9051815436472,2182824
2023-05-23,693.82861328125,701.5148755303579,692.2519780297702,699.6425685425435,2324758
2023-05-24,685.8468017578125,696.2428870830877,684.3686836505758,689.788450043777,1185182
2023-05-25,686.4873046875,692.3997767807714,679.9342907262136,682.8905267728494,1213068
2023-05-26,691.463623046875,695.1589181036188,684.0237743615859,686.487304399415,1461749
2023-05-29,691.9563598632812,698.6078912615748,690.8723705115068,692.9910304962822,1467219
2023-05-30,694.3213500976562,707.4273793038441,687.7191370626982,690.8724077054558,3317461
2023-05-31,686.1423950195312,694.6662332681209,680.9197232091116,690.921679525449,14943096
2023-06-01,683.7280883789062,691.6607030510661,681.0675241093701,688.704467067337,1995511
2023-06-02,696.2921142578125,698.706385753048,685.6004178221972,687.8175948830666,3405152
2023-06-05,701.76123046875,703.5842187423133,692.744685960569,698.6078998123776,2454283
2023-06-06,702.450927734375,707.0331176418108,698.4600211201953,703.5841756045337,2436996
2023-06-07,719.1044311523438,721.5187026623862,703.5841916310701,704.8159566724411,3667486
2023-06-08,737.8765258789062,753.2982484120553,717.2321315460381,719.1044384859271,9618332
2023-06-09,737.5808715820312,745.9076148933752,730.6829876794606,740.5371075402759,2408734
2023-06-12,736.3983764648438,746.8930383354917,733.7870707485396,743.5918720446198,1703619
2023-06-13,745.612060546875,751.4752141981954,740.1922942074983,743.9861065871503,3419413
2023-06-14,761.5756225585938,767.6359302765816,748.0755265861085,750.4404792446405,4758206
2023-06-15,759.3584594726562,766.6505322953291,757.2891183405661,766.6505322953291,2222061
2023-06-16,764.7782592773438,770.3951199276252,761.4278944321915,765.6158955972152,2285788
2023-06-19,760.3932495117188,770.5922404002812,756.648635521827,769.1141222920965,1422461
2023-06-20,761.871337890625,775.0265644822216,757.3384064488721,760.9351844296821,2282549
2023-06-21,747.6813354492188,762.7088680562706,741.0790631929035,761.8712919360821,2768203
2023-06-22,741.374755859375,752.6084776524597,735.068154621234,743.1978042980037,1972478
2023-06-23,735.6100463867188,747.6320846258785,732.9986805700349,739.0589883322693,1704679
2023-06-26,737.8765258789062,740.3893145599734,726.39651166312,738.9605152132339,1602537
2023-06-27,751.376708984375,753.8402391777663,738.1229045149732,739.059058017418,2783577
2023-06-28,771.9718017578125,779.9043565025158,750.8839604382501,756.7964325676852,8340755
2023-06-30,773.3513793945312,777.4901221115333,768.6214134942916,774.8294974974049,2515440
2023-07-03,782.4171752929688,796.5085557157629,775.5685494500506,776.5047029355912,4781944
2023-07-04,785.028564453125,791.0395541357648,777.7857495149356,786.358846714843,2473106
2023-07-05,780.3478393554688,791.8771124152752,776.6032253877312,785.07780524472,2526894
2023-07-06,783.9445190429688,792.8132272066886,777.4900823527724,792.7147100627801,3316923
2023-07-07,776.8988647460938,790.2019270866448,772.9572166451898,784.3879720799006,2547821
2023-07-10,798.7749633789062,801.9282938877503,776.2583226663614,777.490087697568,4777540
2023-07-11,789.0773315429688,807.186317112107,785.0200881806069,807.0378585459039,3085989
2023-07-12,797.2906494140625,806.2956454853545,780.4186180947122,796.1031621392045,25929716
2023-07-13,793.7777709960938,805.7019898575464,788.4835741319331,802.238520289599,3049961
2023-07-14,796.4495239257812,799.4677385133409,783.8325993583661,799.4677385133409,2011903
2023-07-17,789.8195190429688,803.5249387277862,788.6814977414355,797.2412395361441,1769593
2023-07-18,782.6452026367188,792.6397622461184,780.2702278789817,791.4522748672498,1527919
2023-07-19,783.634765625,789.5226156670585,780.8144755495628,787.6919487394109,1563134
2023-07-20,790.7100830078125,793.0850577060861,777.5489108503255,786.7023660528268,1780010
2023-07-21,778.2415771484375,814.7564035849331,774.431724614173,789.6710139550058,8469798
2023-07-24,767.5543823242188,780.7650210689906,765.1299414719474,780.7650210689906,2710762
2023-07-25,792.1943969726562,797.0927443527708,768.8902077741811,769.8797704611492,4850069
2023-07-26,797.0432739257812,800.5562093656247,791.7490773406761,799.0223992888607,3062011
2023-07-27,785.4653930664062,805.9988190898745,782.7440956416092,797.5875361405019,2865447
2023-07-28,795.7568969726562,797.5875638719248,777.7963091852765,786.7023737942682,2111325
2023-07-31,808.225341796875,812.6289079273042,797.7854673066087,797.7854673066087,4226070
2023-08-01,812.3320922851562,816.3892754341273,808.4233073110299,814.4101499179234,2406158
2023-08-02,795.8557739257812,809.3138020206746,790.0173300386383,808.4726979140357,1975596
2023-08-03,796.0537109375,800.5562090571482,785.9106934556264,795.8557863216457,1829238
2023-08-04,797.5380249023438,806.2956301413018,794.4208784149258,799.5666162426442,1275614
2023-08-07,804.56396484375,808.0769004525567,795.1631189169656,799.5666851412403,1422051
2023-08-08,792.9365844726562,807.9779496879271,791.1553836809525,806.5430716841798,933777
2023-08-09,814.8554077148438,820.2485364454009,792.9860360657647,793.3324192455183,3133311
2023-08-10,822.8213500976562,826.2848194005328,810.6992075375886,816.3891928208857,6313077
2023-08-11,812.0846557617188,822.6729283573156,807.0873157968587,821.3370428685221,3239511
2023-08-14,791.1058959960938,806.4935835786154,785.267452029347,806.4935835786154,1866848
2023-08-16,786.9992065429688,795.3115574172022,780.7649735863507,795.3115574172022,1317570
2023-08-17,781.5071411132812,788.3351478919401,775.4213063584716,786.5538867162107,1434401
2023-08-18,778.884765625,785.6138402051255,775.1244394995913,781.6555894629872,1546387
2023-08-21,786.4549560546875,789.2751855912655,779.577483208056,784.7232213291817,1033216
2023-08-22,786.9002685546875,791.6006913643663,784.030512574796,791.5512253091504,823108
2023-08-23,789.5721435546875,794.519957312022,784.7727279712027,790.6606384220543,1274976
2023-08-24,779.676513671875,798.2802812633233,777.9447788620678,791.6501987690094,1726077
2023-08-25,765.0804443359375,779.3301113248305,762.5075450142779,772.84848756127,1502054
2023-08-28,764.9319458007812,772.7989811263496,762.9528204558892,767.4058524818963,1769280
2023-08-29,774.4813232421875,777.6974022328213,767.4553913622398,770.7704628683792,1807893
2023-08-30,778.934326171875,783.6842151907217,775.9161115303963,776.5098854065744,1978468
2023-08-31,771.5126342773438,783.5357856392359,768.8902687895351,778.9343550185555,3999415
2023-09-01,797.9833984375,799.2698178888315,769.8797931404782,770.869355856597,3513798
2023-09-04,801.3478393554688,817.9724801581747,800.061419962054,803.4754232585831,3571051
2023-09-05,807.4336547851562,809.4622461341098,792.1448997926099,800.5067162485564,1770212
2023-09-06,806.3947143554688,808.9675533628805,794.9157501422749,807.5326752864665,2225037
2023-09-07,810.7487182617188,812.8268361968122,797.0927649090086,803.5743885961814,2652562
2023-09-08,807.2357788085938,815.3996711471422,802.1395067046783,810.7487143413159,1866220
2023-09-11,815.6470336914062,820.6937791673765,807.92845691717,811.4413923287268,1715172
2023-09-12,807.6810913085938,831.2326715907076,803.4259837598356,825.0973707445819,2776481
2023-09-13,802.2384643554688,811.5898436165476,799.5666330811446,809.4622597281884,1380634
2023-09-14,801.8921508789062,816.3892693360601,800.4078067528408,804.4650502696235,2398032
2023-09-15,804.3660278320312,811.1445686610955,796.5979846871847,804.5639524544337,4454542
2023-09-18,800.3582763671875,806.4441109541623,799.1213230282181,804.3659931058262,1335464
2023-09-20,778.5384521484375,802.3374229403368,777.0046420471514,799.6161255225952,3359951
2023-09-21,770.2261352539062,783.3378415714038,765.9215614900498,781.7545653451413,2875491
2023-09-22,765.9710083007812,775.5203126701829,764.6351227933216,771.8589185410701,2147621
2023-09-25,771.760009765625,775.272945434306,766.2678882068246,768.8407875852979,2326745
2023-09-26,771.5126342773438,780.1713084754241,769.8303654963788,771.7600249687174,1727679
2023-09-27,771.4630737304688,777.4994425721179,766.5647865762134,771.8589229784218,2612372
2023-09-28,760.0830688476562,779.1816768524284,756.3722088049849,772.5515948298996,3157286
2023-09-29,771.4630737304688,775.7182417525601,763.3981737869352,767.7522135238418,1704218
2023-10-03,762.2106323242188,768.4448649490985,759.9841163583252,768.4448649490985,1099773
2023-10-04,748.703125,759.9841640950316,745.2891819563463,759.9346980389713,1654158
2023-10-05,747.6146240234375,754.6900215271803,745.0417851483206,754.046781609344,1459736
2023-10-06,757.21337890625,763.1012889636803,750.7317553968575,752.4139636434548,2026927
2023-10-09,749.6431884765625,753.4530409944099,741.3308982885643,748.6041597528268,725323
2023-10-10,763.843505859375,766.1194880897792,749.3958535655472,751.7213622516193,1351582
2023-10-11,769.1375732421875,774.3822432316339,766.4657419953039,767.9006199240109,1841618
2023-10-12,775.2728881835938,781.7050455576136,771.3146374918892,774.2338594566438,2139718
2023-10-13,769.1375732421875,771.858870542176,764.9319319603873,769.8797452330934,998547
2023-10-16,782.4472045898438,786.0590720472743,764.9319334898207,769.1375747800299,2157341
2023-10-17,781.9030151367188,787.6919329469949,779.9238896770529,784.4263880181695,1050381
2023-10-18,776.2130126953125,792.6397294969269,773.0463999485358,784.8221599406452,1250892
2023-10-19,772.30419921875,774.5307152301064,761.1221531080051,772.0073424968583,2130597
2023-10-20,761.3695678710938,771.6115176882162,753.9478475983632,771.4630591235159,1501944
2023-10-23,741.1329956054688,766.7131672191628,738.3127056740326,762.7549164225765,1715908
2023-10-25,740.48974609375,753.8983084137654,733.7607319063956,746.2291975947843,2417579
2023-10-26,721.0942993164062,737.2241580779529,717.9276868262481,736.9273013690871,2519570
2023-10-27,724.35986328125,727.7738665197797,717.6803153616482,722.0838812549339,1588987
2023-10-30,726.8338012695312,729.10978339402,718.422518341293,727.1306579991405,1162173
2023-10-31,728.6644897460938,730.841539824755,719.4121024094278,729.3077296777831,1363728
2023-11-01,716.888671875,729.6045277328315,715.4537939568751,729.2087389128006,1845107
2023-11-02,725.69580078125,726.7348899617967,717.4329761803501,720.4016643576481,1095177
2023-11-03,738.2632446289062,740.1929039849605,727.3285888087513,728.2686854589433,2526039
2023-11-06,746.1302490234375,748.5546896310539,737.1252529358477,740.2918051437176,2782755
2023-11-07,740.78662109375,751.6718109117876,739.1538788599132,749.0989720231337,2288975
2023-11-08,748.8020629882812,749.841091682353,737.2241680017855,742.1719812098512,2664277
2023-11-09,743.0131225585938,751.9687132328099,741.2319217939838,748.802100541218,2579350
2023-11-10,746.8724365234375,751.0780779347983,737.2736663990619,744.0522070303584,1108868
2023-11-13,753.1561279296875,755.2837118405961,745.1406944198741,748.6536298371846,942603
2023-11-15,764.7835083007812,774.3328125120929,760.9737160661973,760.9737160661973,2443652
2023-11-16,761.1221923828125,766.2184041662424,755.4322067268474,762.4580778993146,1699954
2023-11-17,760.7758178710938,766.8121867877721,758.0050542953293,763.9424306997314,1567731
2023-11-20,753.8983154296875,763.9424009485546,752.7108885135434,761.8643434471887,1024654
2023-11-21,767.7027587890625,771.4630851076103,757.9555899951554,758.8461602190104,1846834
2023-11-22,760.429443359375,768.6428014139473,757.5102214127797,767.702704800893,1312655
2023-11-23,767.455322265625,769.8302968502825,759.1430320155491,763.8929207867515,1068229
2023-11-24,773.8875122070312,778.043687705878,768.2965190843255,770.8693579941228,2069730
2023-11-28,774.1843872070312,777.3510000617196,770.6219854943298,776.8067526331287,858569
2023-11-29,784.9705810546875,786.4054589931555,775.0254883885177,775.0254883885177,1481172
2023-11-30,792.7386474609375,799.7151127497469,781.358676516446,785.712776515323,3142500
2023-12-01,802.33740234375,806.4935776455951,788.5825174424042,796.5979509260173,2064512
2023-12-04,811.0455932617188,814.8059799723538,803.8712634346056,811.4414425148749,2789349
2023-12-05,813.1236572265625,817.3787646237952,805.701937208792,807.4831379334345,1338828
2023-12-06,816.0923461914062,824.7015535017459,806.6915008245311,816.3397368589556,1543909
2023-12-07,810.600341796875,821.3370733555901,809.3138619177045,820.2980445592816,1717648
2023-12-08,830.5894165039062,844.542286618214,813.5194601669319,816.1912914992984,7142037
2023-12-11,836.2794189453125,838.1596122465517,823.1182470309813,832.7664834175266,1630946
2023-12-12,844.9381103515625,853.794708838484,836.4278950579857,837.7637805802873,2518863
2023-12-13,842.5137329101562,850.2323101284625,831.2326936231669,845.9276760119016,2170707
2023-12-14,838.5554809570312,852.5577573375725,836.9721443513026,851.0239471868009,2711444
2023-12-15,858.1487426757812,861.4637533960308,842.7115290876295,845.13596966121,4058044
2023-12-18,845.9772338867188,856.5160411191282,827.4229320006618,835.190975564377,4324786
2023-12-19,849.7374877929688,852.5082512251632,838.7533057751116,846.6203411829293,1285256
2023-12-20,833.4591674804688,854.7347651068624,830.9357947253329,850.0343423754498,1764901
2023-12-21,833.1129150390625,838.8029009311624,811.5403984687806,821.3370939900781,2106856
2023-12-22,846.3729858398438,848.5995019690602,834.3003085262471,836.1805018612761,1846933
2023-12-26,843.404296875,853.9926300925024,841.0788486348055,848.5500351150878,1294151
2023-12-27,866.7579956054688,872.2995225823104,846.719350872296,849.4901143607168,2466359
2023-12-28,871.6068115234375,886.4007859246608,864.8777972628005,873.6849294262096,4482599
2023-12-29,871.0625610351562,878.2368905637048,864.1850882350628,872.7942957489438,1906630
2024-01-01,868.4402465820312,875.5651104726588,865.8674075873045,871.0626120328283,778184
2024-01-02,861.117431640625,874.6249255982738,850.1332499672294,874.6249255982738,1615515
2024-01-03,828.9072265625,860.9195560088715,827.2744239349615,860.9195560088715,3983411
2024-01-04,828.3629150390625,834.9929972329234,826.2848575207112,831.4800617147038,1878399
2024-01-05,820.7433471679688,836.9721395972247,818.5662970962801,830.1936590993575,2060548
2024-01-08,813.3710327148438,827.9176157578308,812.1340794016324,827.0269852130742,1107367
2024-01-09,812.8268432617188,823.2667178895842,810.6992592521314,819.8527144222043,1458862
2024-01-10,821.1390991210938,822.6729091942323,802.7332574472064,815.2511891002272,1265739
2024-01-11,813.4700317382812,828.0166159778986,811.5403723313119,826.0869565709293,1205504
2024-01-12,817.1808471679688,822.1286605564866,812.6783490640402,815.8944277665767,1326357
2024-01-15,816.5377197265625,821.8318562305712,811.4414474522197,819.0610926359675,1497605
2024-01-16,823.613037109375,830.7379007499264,810.7981878472486,819.0116067151444,1920936
2024-01-17,804.1681518554688,821.3370405314283,801.5952525980682,821.3370405314283,1433551
2024-01-18,795.2620849609375,805.9988160554695,784.3273688494287,804.0196906630681,1991900
2024-01-19,808.1264038085938,812.1341206674144,796.8453648596554,796.8453648596554,1358166
2024-01-23,782.150390625,807.4831718573575,780.2207312596885,799.8140608501338,1533222
2024-01-24,803.7228393554688,805.5040401410226,775.8171590547441,786.7023487863796,1490515
2024-01-25,807.186279296875,812.430949350698,784.5252700704792,806.4935733505712,3240065
2024-01-29,803.22802734375,815.0037868196089,795.6083827428342,810.5012887730124,1574830
2024-01-30,803.52490234375,820.6937908146328,801.6942355309067,809.4622784694427,1892910
2024-01-31,810.1055297851562,813.4205406761113,799.6161289098319,803.5249136605869,1954023
2024-02-01,793.3323974609375,813.4205074010741,791.7490609643555,813.4205074010741,2287350
2024-02-02,814.954345703125,817.6756431154286,796.6969018936842,800.8036112387695,2871131
2024-02-05,806.1472778320312,825.2952919205834,802.535349817258,815.5481234834048,2056107
2024-02-06,810.2044677734375,812.1835931908993,796.6969126400146,806.1472848268866,1547506
2024-02-07,827.8681640625,834.1024576425244,814.4101349587586,818.7642351736778,3647454
2024-02-08,813.5194702148438,832.6675446682099,809.4622873105523,832.6675446682099,2294805
2024-02-09,803.2775268554688,816.3892327142121,792.0954803536727,816.2903006028258,1396058
2024-02-12,803.0300903320312,811.0455236363598,794.0745604307479,809.462247555886,1408603
2024-02-13,804.1681518554688,806.1967433096887,782.2987799590768,804.4650085856766,1675844
2024-02-14,804.7618408203125,807.285213547443,788.2361321631319,789.6710101132609,1546826
2024-02-15,803.8712768554688,812.1836281255959,797.1917282842256,809.4623305595339,1482200
2024-02-16,811.3919067382812,815.7954726092701,805.0092155678019,809.6107060483619,1774587
2024-02-19,811.6393432617188,817.3293288192622,805.5040424070057,817.3293288192622,829517
2024-02-20,812.62890625,816.3892324531918,803.3269926543179,816.3892324531918,1384043
2024-02-21,819.6052856445312,841.1282738277713,812.3814901959859,812.4309562501179,6419882
2024-02-22,820.0011596679688,826.4333172505509,811.4908841659915,822.3266078655028,2366934
2024-02-23,812.4309692382812,827.5712663296033,810.6992345291862,826.2848469110412,1736000
2024-02-26,800.308837890625,819.1599953464784,797.7854650717983,816.5871564720107,1188689
2024-02-27,810.40234375,811.9856198296867,797.290638646352,800.5067172566808,1331211
2024-02-28,790.2647705078125,814.1627345508673,786.70236884587,814.113268494085,1851909
2024-02-29,791.7490844726562,797.4885963957778,781.7545254583206,792.6397150533098,3155812
2024-03-01,827.4723510742188,830.9358205629549,795.855810375991,795.855810375991,5377896
2024-03-04,815.696533203125,830.2431171809118,809.9570815406154,830.2431171809118,3821690
2024-03-05,810.7487182617188,818.0220404373737,802.5353598276921,816.4881699145257,2630517
2024-03-06,804.4155883789062,814.41014805361,791.6502046693657,811.8373090476815,2041620
2024-03-07,821.3370361328125,836.0815444346831,809.5117498582656,811.4414091914533,5074846
2024-03-11,821.1390991210938,827.8681132600358,813.5689808640763,823.3161490949578,1622850
2024-03-12,809.2643432617188,820.6443140203705,806.4935798522782,820.3474572975935,1231413
2024-03-13,784.6737060546875,812.0350767625526,780.2206741827059,809.8580872769609,3047464
2024-03-14,777.2520141601562,784.6737342131247,753.7993667131537,783.7336375934595,5262918
2024-03-15,772.502197265625,781.952509599203,766.4658281554945,773.9370149575119,3992861
2024-03-18,796.0042724609375,800.0614554350045,770.374573971739,772.5021579691858,3561533
2024-03-19,792.689208984375,801.4963413983738,785.4654131696504,793.6293056529886,2192986
2024-03-20,786.3560791015625,801.5458434572142,781.0618820447951,793.8272659331758,1538050
2024-03-21,803.8712768554688,810.8972086285355,794.7178214059875,795.6084520414,2783067
2024-03-22,816.1912841796875,824.2562441591476,798.3296899335577,799.5666432802165,3983433
2024-03-26,813.3216552734375,825.2953404906131,809.5118024147961,811.9857093107512,2454193
2024-03-27,809.5117797851562,823.7120412098452,806.8894747876201,816.3892528432773,1884038
2024-03-28,821.5349731445312,832.0737797571937,811.4414214324557,818.3683603959036,3722941
2024-04-01,862.8491821289062,867.302214143611,829.2535174050116,829.2535174050116,6053539
2024-04-02,870.072998046875,872.6458368900996,852.5577262965901,862.0080379375788,2784783
2024-04-03,859.9299926757812,870.3698671585628,858.0497993725953,868.6875984764672,1980049
2024-04-04,853.497802734375,869.4792640114867,844.6412047597117,867.1537554985025,2790334
2024-04-05,848.1541748046875,855.5264290757482,838.1101495344162,851.0239308236876,1847243
2024-04-08,867.30224609375,868.8360562090292,851.2713181706348,854.9821783195914,2462906
2024-04-09,865.4715576171875,882.1457262056266,861.4638405564101,872.5964215019679,2512308
2024-04-10,874.7239379882812,879.721217413652,866.2136627508115,872.1510387963481,2519596
2024-04-12,857.4066162109375,874.6744974602659,853.0030501023639,874.6744974602659,4129109
2024-04-15,851.46923828125,872.7943024113373,841.3756866499315,853.893678978682,1974756
2024-04-16,836.4278564453125,854.5863074895829,833.9539497418363,850.529124655127,1706563
2024-04-18,835.9825439453125,849.0447834628247,832.914923782023,837.268963355785,3437879
2024-04-19,855.7738037109375,858.2477104402118,824.5036468121559,834.0528905482865,3157898
2024-04-22,845.878173828125,861.8101693476607,844.542288358246,858.0497828138572,1584578
2024-04-23,842.4641723632812,855.971727247296,839.6934089096178,849.5395697593106,1755588
2024-04-24,873.4869995117188,876.752544312719,841.1282874331954,842.4641729069322,4257548
2024-04-25,896.3458862304688,899.9083482078186,865.2241270743915,873.4870119011264,4893459
2024-04-26,877.989501953125,904.4603040689278,875.416663102984,900.5020532852564,3626999
2024-04-29,886.4007568359375,893.0803048221419,876.9009794148027,889.0231220564328,1956431
2024-04-30,872.9921875,893.3276880081002,870.8646036296312,893.0308312908214,1831578
2024-05-02,881.05712890625,885.2627703961455,873.7838671947355,873.7838671947355,2448369
2024-05-03,865.07568359375,894.2677818660753,856.9612577570746,886.4996787988101,3672279
2024-05-06,871.4584350585938,883.6795105128228,865.2241415931466,870.5183383933188,2556178
2024-05-07,848.4015502929688,871.8541981858737,836.922647218709,871.4584093477243,2369111
2024-05-08,855.6254272460938,857.5550262253746,841.5241585315994,841.5241585315994,1849894
2024-05-09,825.8395385742188,859.732061023316,822.3760691268657,855.6748781156623,2282517
2024-05-10,844.6907348632812,847.0162435525999,827.2249886551649,827.2249886551649,1947295
2024-05-13,851.61767578125,853.4978691595148,821.3370798868375,839.000750758892,1735081
2024-05-14,872.2994995117188,875.7135028259589,852.2113892543159,855.1306112302057,2706050
2024-05-15,861.859619140625,874.2786185640919,854.3884330650025,872.7942745597385,2194086
2024-05-16,877.1484375,879.1770290387753,855.4275232624011,863.6903479878514,3282175
2024-05-17,897.9786376953125,905.4003575609995,869.5287115435123,878.7316320973421,4635724
2024-05-21,913.8116455078125,919.2542401083377,881.5024006745408,882.6898879397322,5938708
2024-05-22,906.2415161132812,917.6214872578744,896.5932797080827,915.3455051085787,2938404
2024-05-23,907.4290161132812,911.2388084339,881.4035286031777,902.481202503067,3800388
2024-05-24,899.1661987304688,915.3455252059438,896.5932993937231,905.44989790642,2113036
2024-05-27,892.5360717773438,909.556561961962,890.7053445795085,900.9968206161928,1893682
2024-05-28,897.8796997070312,906.2909827321741,891.7939252865319,896.3953556437708,1931419
2024-05-29,892.4866333007812,900.5020671014494,887.0935044456605,890.2105907467583,1740879
2024-05-30,874.4765625,891.3980603642789,864.1356202948901,890.6064222907543,3993159
2024-05-31,871.3594360351562,886.1039446381137,867.8465004788613,882.6899411940072,5249761
2024-06-03,905.7467651367188,908.1217398753593,888.4294171619716,902.4812201696755,2541803
2024-06-04,833.0633544921875,904.4603291410707,815.2017594153594,904.4603291410707,4022430
2024-06-05,869.23193359375,872.4974785509366,820.4959687262076,848.0552668321601,1969854
2024-06-06,878.8306274414062,883.580576815729,868.3412867690265,874.773444448797,3095781
2024-06-07,902.6296997070312,905.8457786913324,867.9454764963044,878.8306669047083,3609817
2024-06-10,906.3405151367188,910.3976981103558,891.348615840112,897.5333828109704,1765715
2024-06-11,900.6010131835938,909.2102209833386,895.6037334946406,906.3899913722001,2003998
2024-06-12,907.330078125,914.6528059818302,898.572411852761,900.551537284031,1782777
2024-06-13,906.1920166015625,915.3949373686718,898.5723719499149,907.9732173309849,1788757
2024-06-14,911.5357055664062,913.8611537529315,894.1688318571581,904.4603080998152,2625892
2024-06-18,915.6918334960938,917.7699514349424,904.7571775829664,911.5357184146262,2395045
2024-06-19,905.400390625,927.1213036380846,903.7675880356768,919.3037342681629,1793533
2024-06-20,919.9469604492188,928.2097845855919,901.7884492133945,905.4003771186282,3120339
2024-06-21,927.1212768554688,934.1471475560205,913.5147903312153,919.3037077113804,4299319
2024-06-24,925.5874633789062,931.8217568157929,912.3768252634591,926.2307033043359,1857847
2024-06-25,920.1943359375,930.1888945817402,918.2646766829475,927.1212745141726,1733931
2024-06-26,909.6060180664062,922.7177234399102,908.5174628908707,921.1839133815001,1341496
2024-06-27,933.3060302734375,935.7304104286593,905.7466744456614,906.6373049830032,4700053
2024-06-28,921.7776489257812,939.4908452973417,919.0563515188613,933.3060784634329,2402672
2024-07-01,934.0482177734375,937.6106191857695,921.8765487520618,925.2410859511286,2562034
2024-07-02,928.4572143554688,943.7459703325519,926.7254796098017,935.1367626601843,1936180
2024-07-03,940.4804077148438,943.449095794249,929.2488349088923,929.6941502004257,1369238
2024-07-04,934.4935302734375,949.3864975247532,933.1576447609685,940.4804330466527,1384884
2024-07-05,944.09228515625,946.0219445076195,935.334679389876,938.1054428799407,1583550
2024-07-08,929.3972778320312,945.9229866089123,924.301005888901,945.9229866089123,1569620
2024-07-09,932.7881469726562,938.2733761775188,929.7962037700039,936.4782224301755,1489629
2024-07-10,922.9147338867188,932.7881095364727,916.4321905411401,928.4996699590298,1483892
2024-07-11,922.5158081054688,929.4970088154561,912.9914678825196,924.6600583863177,2348723
2024-07-12,931.8905639648438,935.2315427282009,921.5184702541803,927.4525028808223,1498780
2024-07-15,929.1978149414062,936.1790155632482,923.6627323369079,935.4310297823366,1337839
2024-07-16,931.8406982421875,936.8272703114907,925.6573975732445,929.646655228687,1442535
2024-07-18,928.948486328125,932.83797586604,918.8755746226515,931.8406614915123,1812254
2024-07-19,887.061279296875,925.0090789321905,884.1690432730121,924.5104217467823,3001973
2024-07-22,886.1636962890625,891.0007076427638,862.8265758954356,873.1487555676421,2725373
2024-07-23,891.5491943359375,893.7432981268928,869.6581317131759,887.6097903953286,1640412
2024-07-24,878.9830322265625,892.5963982920266,877.6366821195346,892.5963982920266,1519772
2024-07-25,872.1514282226562,877.6366573309749,860.0839485328511,867.6635134976683,1636466
2024-07-26,898.1314697265625,906.3593135172257,872.949281155139,877.6366710040678,2056457
2024-07-29,896.1368408203125,907.4563957688406,892.6462404246962,907.4563957688406,1066351
2024-07-30,899.6773071289062,905.5116329645239,887.7594485970386,892.646252695333,979026
2024-07-31,925.757080078125,933.835302267343,900.2757096550165,906.5089245760919,2716481
2024-08-01,932.0401611328125,955.3773424610157,925.2584353813338,935.0321043353391,4039078
2024-08-02,897.1341552734375,921.3688829902226,893.5937013319174,917.4295398119233,3306705
2024-08-05,861.4801635742188,881.6259265589774,851.8561161701595,881.6259265589774,4059902
2024-08-06,881.6259155273438,890.6515985290263,864.7214245429279,864.7214245429279,2665068
2024-08-07,904.015625,908.2043575381598,892.5963632622299,896.58562075167,2262055
2024-08-08,885.1663818359375,900.5250479147663,881.0275636066764,897.5829582662013,2796559
2024-08-09,902.6692504882812,912.2933589182879,886.6125127940508,893.6435672285743,1722454
2024-08-12,914.8863525390625,923.7126216180342,895.6880500862522,902.3700688284915,3822527
2024-08-13,905.411865234375,925.0091177927115,902.569543506635,922.5158317609253,1329629
2024-08-14,887.9089965820312,909.5008776525013,883.0221925533816,909.5008776525013,2024615
2024-08-16,906.01025390625,908.2542112444602,880.1797873090245,897.5829352840575,2208842
2024-08-19,915.2852783203125,917.529235690207,901.4724984141242,907.5560918240091,847523
2024-08-20,914.6869506835938,921.4188230629885,908.3539675520847,921.4188230629885,696605
2024-08-21,923.3136596679688,924.5104491226346,905.6611826075604,907.5561043167178,1600466
2024-08-22,930.74365234375,932.3393310156132,922.3163335932314,924.5602909656112,1073406
2024-08-23,938.522705078125,941.4149411901107,926.6547002265498,932.0900150161156,1441218
2024-08-26,960.9124145507812,966.2979366040765,934.6830582738766,942.9607555347833,2364465
2024-08-27,941.4647827148438,964.3531601044579,940.2181397292574,960.8625597448159,2480788
2024-08-28,946.70068359375,948.9446409686101,932.4889535529695,944.9553834133033,2285575
2024-08-29,937.1763305664062,947.9473136445107,928.3002082784724,942.4620845808128,2233515
2024-08-30,938.5725708007812,952.1859369023196,936.1291991831256,945.3543575139415,2896103
2024-09-02,937.92431640625,948.8947745343291,933.6358767667941,938.5725342274387,1316611
2024-09-03,928.4498291015625,939.0213371226138,927.452514727077,934.5832759819053,1116938
2024-09-04,930.544189453125,932.189782562872,909.5507334914143,917.5292486974795,3020790
2024-09-05,922.964599609375,942.0132798046268,921.2691529992964,932.040136064445,1482001
2024-09-06,930.2948608398438,936.8771724074988,909.2515513326395,922.9646243428707,1984209
2024-09-09,931.740966796875,934.1843992212191,916.581775928153,920.5211799341886,1793548
2024-09-10,936.2288818359375,945.9526971199858,927.3029058881273,931.5913455827417,1388455
2024-09-11,925.2584228515625,941.763963787736,921.7678224958843,938.5226920288919,1087490
2024-09-12,952.2357788085938,955.0282469598085,926.5050794125052,933.2868051715242,3061006
2024-09-13,951.9864501953125,969.8384023384922,948.795031934864,955.4271970562454,2445329
2024-09-16,968.3922729492188,975.9219844214863,954.5295785760121,958.8180791511518,2186706
2024-09-17,961.660400390625,971.9327264315945,959.1172608708142,968.3922725219568,543055
2024-09-18,954.1306762695312,968.3424061361119,947.4486577720489,959.4662838358572,644373
2024-09-19,945.8529663085938,963.3558212066782,941.4647587624768,957.4217885720103,1278919
2024-09-20,978.9139404296875,985.3466305055151,962.6078742834821,967.3949712452933,8035572
2024-09-23,979.4624633789062,985.2967892339036,973.57834484861,983.3520139489045,1714600
2024-09-24,987.0420532226562,1007.0880478951499,982.5042849717547,988.6377318808065,5545642
2024-09-25,980.010986328125,995.9680161878656,970.0876962098512,993.3251087688508,1309311
2024-09-26,1002.8494873046875,1005.2430662240648,972.8303480767172,981.3573740612328,2706617
2024-09-27,998.8602294921875,1016.1636709302257,994.8211183288598,1005.2929195744267,2757284
2024-09-30,1027.28369140625,1030.1260129455484,1001.3036039804839,1001.3036039804839,4250590
2024-10-01,1024.5411376953125,1027.1839234764911,1011.675757513001,1026.2365234880476,1392457
2024-10-03,1036.309326171875,1057.1532206251488,1022.6959608219333,1025.2391611345784,6615927
2024-10-04,1030.9737548828125,1060.1452009097263,1024.5411257379722,1039.2015986339934,4855592
2024-10-07,1016.0140380859375,1041.295933605396,1009.780823128355,1037.1570545250652,2708970
2024-10-08,995.5192260742188,1011.6757312009605,981.3573497070441,1011.6757312009605,4115797
2024-10-09,991.8291625976562,1008.7835072574452,982.3546758760094,997.2146846616146,2138939
2024-10-10,1004.6945190429688,1010.2296016131664,994.0730966713484,996.3170540001776,1368830
2024-10-11,1009.33203125,1023.194664954613,1003.2982912749306,1004.5947878269822,1957211
2024-10-14,1009.7808227539062,1029.2284534143519,1006.6891724845877,1014.2687375217014,1831080
2024-10-15,998.162109375,1017.8590691002727,989.3359011377415,1009.7808466753662,1444250
2024-10-16,986.6929931640625,1002.1015130661816,979.4126101011938,992.3278439632043,1248745
2024-10-17,976.8694458007812,992.5272939107845,967.1456304903601,988.4382683857096,1079467
2024-10-18,989.9342651367188,995.5691159365466,970.4866340215045,975.8721562172911,1291683
2024-10-21,978.814208984375,1002.3009504245533,977.4179445059348,994.3224353962981,953143
2024-10-22,961.06201171875,980.6592024588365,957.8207400340581,978.3653915946868,1318146
2024-10-23,951.88671875,968.3922595055325,949.5929078584777,961.062023187328,1306503
2024-10-24,955.5269165039062,959.4663206167486,949.8921265828392,951.886755412507,650392
2024-10-25,941.315185546875,957.3719841391386,924.3109869580612,955.5269159500207,2541293
2024-10-28,964.65234375,969.8383907523689,906.558780531145,933.4862690617731,1737402
2024-10-29,956.2250366210938,970.187438251397,944.4567388498004,969.8384025591356,1032874
2024-10-30,954.7290649414062,965.9488519648588,949.7424929309828,963.6051874684559,733890
2024-10-31,961.06201171875,965.2506833527459,951.8867073909131,955.4271612107135,1445602
2024-11-01,965.6995239257812,975.3734858058749,962.4083985712365,967.2952634927886,136508
2024-11-04,952.3355102539062,966.2479969306518,938.5725233377361,962.4582145228064,957723
2024-11-05,996.8157348632812,1000.3063352354889,949.443301240464,952.3355373259319,5177028
2024-11-06,1005.941162109375,1012.323937544863,982.055470810185,997.3143684735833,2761749
2024-11-07,987.1417846679688,1016.2135238860857,983.0029664151066,1011.2768054132227,2477876
2024-11-08,993.7240600585938,998.86019252813,973.8774797981846,991.3304812282596,3568198
2024-11-11,976.3707885742188,992.7766224768077,969.3895878387544,985.3466180912442,1336153
2024-11-12,954.67919921875,985.1471416395742,951.0888917655352,984.3493023023309,731821
2024-11-13,933.4364013671875,955.6764997533357,925.5575934569374,950.9392564725339,1167594
2024-11-14,936.528076171875,946.800402328882,929.9458254731592,932.5388185675041,1662673
2024-11-18,947.299072265625,953.4824338097817,932.3892704658225,932.538831105253,1143965
2024-11-19,944.7559204101562,958.3692863397536,942.4621094608489,947.2990599598502,617409
2024-11-21,941.6143798828125,948.3961053748609,933.9350471158474,938.472815291842,1669641
2024-11-22,974.7252197265625,978.6646238423839,936.5280897837854,945.354358884485,1889389
2024-11-25,950.7398071289062,977.8169174881866,943.1103884773411,972.3815418237443,4563438
2024-11-26,961.0121459960938,964.2035642985101,948.0470586004112,952.4352663751388,1184177
2024-11-27,966.248046875,969.3896116315617,952.6845951759767,960.7628175910766,1327011
2024-11-28,951.5875244140625,972.3316510034933,946.5011846367639,966.2479968625563,2959350
2024-11-29,963.4057006835938,969.0904048805089,950.8395637188254,956.4244999540025,1326686
2024-12-02,987.1417846679688,988.8870848745497,959.1671278167327,963.3060069408352,1272868
2024-12-03,996.1176147460938,1012.7727774705718,988.388428113502,992.3278321843613,2118830
2024-12-04,992.17822265625,1000.3063594971711,982.70373570189,993.4248656765606,1030877
2024-12-05,996.5165405273438,1007.2376701108063,974.376149120271,988.3385504382687,2221958
2024-12-06,1001.1041870117188,1005.2929196846528,991.9787967337542,997.2146973571117,1218982
2024-12-09,1009.1824340820312,1012.7727414610196,991.1310074849953,1002.7995977735649,1457470
2024-12-10,1010.2296142578125,1020.7512688015483,1003.9465458326956,1018.2579828494195,2227505
2024-12-11,997.5138549804688,1017.7593247188047,994.4221438799416,1013.1717029196212,1246315
2024-12-12,1003.0988159179688,1010.2296382589678,988.3385749049384,1002.3009765685803,1510341
2024-12-13,997.164794921875,1000.8050168903515,970.4367807357232,992.3278443506723,2444182
2024-12-16,987.6903076171875,1003.5974847279256,981.3573854235706,1001.3036737451878,1220082
2024-12-17,964.25341796875,988.1391103865707,958.4191529884407,987.6903067254913,1673092
2024-12-18,944.30712890625,966.8963247404305,939.0213746842895,964.4528922509538,1612799
2024-12-19,923.4632568359375,940.1682726014576,919.1249027860295,931.5414789173353,1926448
2024-12-20,914.8863525390625,939.1709950215957,909.6005983237059,923.5131465611594,29003345
2024-12-23,934.533447265625,948.3961417877663,919.1249275962101,933.4862793188423,3988457
2024-12-24,919.374267578125,935.431066155454,915.9834350955538,934.5334588349622,2048135
2024-12-26,911.994140625,926.9040026765933,910.6477296986169,919.3742304629496,2056005
2024-12-27,910.8472290039062,924.0117912532136,908.8027466589216,912.193639966145,1917836
2024-12-30,896.5357666015625,914.2380966989926,893.1947269336706,910.8472034867642,1959379
2024-12-31,899.0789184570312,903.9657832940899,894.1920536199726,895.6381716530809,1031176
2025-01-01,903.018310546875,907.5560787664597,888.3079235558802,898.7298709203582,1020555
2025-01-02,910.0493774414062,913.240795651613,899.0290656477335,907.0574342826948,1636373
2025-01-03,912.592529296875,922.2166376027465,906.0601321529045,911.5453613514086,2691743
2025-01-06,898.4805908203125,917.3796504978789,895.488647542018,912.592553426856,1104617
2025-01-07,909.3512573242188,911.2461790318365,896.78512023854,899.1287847289575,688211
2025-01-08,899.8767700195312,909.5008783181215,892.7460085896149,907.5561030658752,744601
2025-01-09,888.5572509765625,906.5089096537516,886.413000730514,898.580248230412,1459142
2025-01-10,897.6826782226562,905.5614864288486,877.8860114856762,888.5572878722468,1614629
2025-01-13,881.3765869140625,896.286449130025,877.6366579738332,893.5438345738567,1416585
2025-01-14,903.61669921875,908.8525998145375,880.1299572918942,880.1299572918942,1948192
2025-01-15,901.6220703125,910.2488642130235,899.0789307690984,907.556103161264,1581897
2025-01-16,904.3646850585938,911.9443110155787,897.6826664094228,907.5561033104168,1946590
2025-01-17,906.1598510742188,915.0359736961711,902.8188721400097,904.3646973055207,911260
2025-01-20,916.7313842773438,923.1640741605394,898.0815933190142,906.1598153957093,1299378
2025-01-21,924.36083984375,930.4943478355353,917.0804567991349,922.5158325271921,1474919
2025-01-22,916.930908203125,929.4970456303171,904.7138064767609,929.4970456303171,1080075
2025-01-23,927.4026489257812,934.8325922205114,910.3485368247274,916.581751582882,1267989
2025-01-24,929.94580078125,950.4405990052799,922.6654180208299,927.5023683892027,3538998
2025-01-27,916.8809814453125,924.510461054942,898.6799934040475,898.6799934040475,3908402
2025-01-28,913.6896362304688,923.114208864354,902.0708988126876,920.920165822942,1101031
2025-01-29,935.0819702148438,938.5227171173808,905.5614879090368,911.1464242789222,1298065
2025-01-30,948.29638671875,953.4325803021377,933.6857670684545,935.3812137474242,2020147
2025-01-31,942.4620971679688,957.3221059056738,938.0240359647288,947.1993405135221,2037829
2025-02-01,931.740966796875,952.6347153954147,909.2016859812184,945.3044181223825,1339508
2025-02-03,931.4417724609375,934.932372772521,911.5453385106638,912.5426528854019,1130056
2025-02-04,941.714111328125,946.9001583225013,931.790820988439,933.835303310588,1262634
2025-02-05,947.3489379882812,952.2357418454047,938.5725228947964,938.5725228947964,1209743
2025-02-06,945.8529663085938,953.981041845082,939.4701300362851,947.997155666507,3060140
2025-02-07,978.1160888671875,982.3546750284779,945.2545675130528,948.3961321928581,2846285
2025-02-10,956.5740966796875,971.3841906381497,945.7033457624491,971.3841906381497,1665049
2025-02-11,951.9365844726562,964.9016715320009,946.0025516827852,947.4985232665557,2535726
2025-02-12,953.8314819335938,960.3638788425565,935.5805803781682,950.3408816601226,2768806
2025-02-13,967.1954956054688,981.357372298661,950.6899544143278,951.4379402163846,1414535
2025-02-14,962.0094604492188,981.05820230022,951.6872806015133,970.287218791475,2690126
2025-02-17,970.9354248046875,972.3815428631937,951.5376474933224,962.0094487241568,1321057
2025-02-18,976.1713256835938,978.5649045997839,960.2142952323009,972.3815431256597,1800070
2025-02-19,974.7252197265625,987.2415643391865,968.4920046291368,972.9799194992834,1581818
2025-02-20,978.5150146484375,984.9975580280936,972.3815069484214,974.3761356806233,1474610
2025-02-21,979.2630004882812,988.2886833278487,972.9300177403752,976.470471566022,1599075
2025-02-24,964.2035522460938,982.2549794556483,955.1778690769366,968.3922849112039,1898963
2025-02-25,956.1751708984375,970.8357045978036,954.9285279116077,964.4030146115141,1095348
2025-02-27,972.3815307617188,978.3654171048678,956.1253183704117,956.17517191569,2049890
2025-02-28,948.1467895507812,965.9986803605718,938.0240242846758,965.5000231725122,2553800
2025-03-03,973.4287109375,978.9139401543583,950.4406261210962,956.4245125394871,1744769
2025-03-04,971.4839477539062,975.4732054157578,957.371985297851,957.4218388443759,1077034
2025-03-05,1000.0071411132812,1005.292895153631,968.2925559999443,972.3815206099109,2472192
2025-03-06,1008.3845825195312,1013.4709225681656,994.422180683756,1010.2795042600259,2203409
2025-03-07,1008.4344482421875,1017.6596061525041,1002.8494512548203,1008.2848267383897,759943
2025-03-10,1010.7781372070312,1029.976439270411,1007.536865430097,1008.4344727322054,1855010
2025-03-11,1015.914306640625,1018.2579710599955,998.7604873143383,1001.1540052779263,1595868
2025-03-12,1007.6864624023438,1022.1973134202817,991.4301894968439,1021.9479848281267,1263600
2025-03-13,998.5111694335938,1013.7202137286447,996.1175905730901,1012.1743886138873,1218174
2025-03-17,1002.9990844726562,1012.7228996808789,997.4640018360697,1004.8440917277721,1522656
2025-03-18,1002.9990844726562,1002.9990844726562,1002.9990844726562,1002.9990844726562,0
2025-03-19,1030.5748291015625,1044.1881952506042,1021.24996364529,1033.2177366567582,2652155
2025-03-20,1047.429443359375,1049.9726437636427,1024.4412978573998,1035.2123420205012,2301795
2025-03-21,1055.856689453125,1059.6964472248144,1044.8862312311062,1049.1747317785232,2630144
2025-03-24,1058.4996337890625,1069.121056695212,1053.662683207548,1060.1452269281813,2267252
2025-03-25,1058.8486328125,1072.0132557269947,1049.1747319845388,1058.49959712659,1571677
2025-03-26,1053.61279296875,1065.1817378835133,1049.374206592604,1065.1817378835133,1254060
2025-03-27,1056.9039306640625,1066.129088822725,1047.1801153076344,1049.124829681928,2514499
2025-03-28,1060.3446044921875,1065.3311764127536,1051.1194464391401,1056.9039185639883,1674204
2025-04-01,1053.413330078125,1067.5751457949643,1050.5210939831422,1060.1452022466717,1776263
2025-04-02,1053.0643310546875,1063.4862181518786,1043.4402224560583,1055.258374103838,878958
2025-04-03,1041.24609375,1052.9645373392657,1038.7528078799435,1042.193493683632,1607693
2025-04-04,1003.0489501953125,1036.1597393272884,995.1701421465502,1029.5276960115543,3818643
2025-04-07,927.8015747070312,956.4245101785949,902.7690076003838,903.5668469466184,4581682
2025-04-08,952.0363159179688,967.8437859136063,931.2921882665911,946.8004152408276,1717533
2025-04-09,943.0106201171875,950.8395746913174,935.5307621063095,942.6117308793515,1773658
2025-04-11,987.590576171875,994.322448314425,965.7493666497724,969.8383921776207,3641633
2025-04-15,1005.2929077148438,1012.9722407119134,999.508496412161,1007.2875364999921,1287903
2025-04-16,1006.6891479492188,1012.373791152886,989.435560676547,1000.3063116420899,1281034
2025-04-17,1004.4950561523438,1005.8912597622149,984.4490005827777,993.3251229171799,2074019
2025-04-21,1031.2230224609375,1040.9967516415988,997.8129922361392,998.3116494036735,1345056
2025-04-22,1041.3956298828125,1057.552195930591,1034.2150150232299,1057.1532458289523,2153582
2025-04-23,1036.4090576171875,1051.06965208571,1025.737842421221,1048.1774160279078,893969
2025-04-24,1041.69482421875,1044.6867672275162,1026.7351091749192,1032.7189951924515,1242921
2025-04-25,1025.63818359375,1054.0616448330438,1014.8671390587083,1047.1801509213497,2784217
2025-04-28,1051.568359375,1056.0562743101473,1016.4628792635997,1018.6569831839201,1485915
2025-04-29,1032.8187255859375,1058.748898913762,1031.3227540477938,1052.1666484944249,1206750
2025-04-30,1027.034423828125,1039.5008539010898,1018.2580083597653,1027.2338380122999,1755328
2025-05-02,964.9016723632812,1034.2150224710313,945.7532239002737,1018.457467282654,6209775
2025-05-05,952.9338989257812,969.7885364525562,950.1414308101367,957.2223386252966,1646426
2025-05-06,964.9016723632812,969.2898800279512,952.4352424877867,957.4218144379845,1462046
2025-05-07,963.5054321289062,972.3815547722468,955.3275026216608,955.3275026216608,1014461
2025-05-08,950.6400756835938,966.8962878433812,946.451343128797,959.9150872091329,1646385
2025-05-09,954.4298706054688,956.4244993841636,932.4889540398258,932.4889540398258,1481537
2025-05-12,1002.5004272460938,1004.9937131968295,967.0957667456456,970.386892026369,1335817
2025-05-13,987.2415161132812,1008.1851178175549,985.4463015559244,1002.5004137521473,934177
2025-05-14,986.6431274414062,1009.3818836723304,984.3493164870624,992.5273067719426,1650066
2025-05-15,1035.5115966796875,1037.8053467685147,987.3412621620611,990.333205380734,5297654
2025-05-16,1019.0558471679688,1041.7946034347096,1017.5598755600089,1040.5978748453342,1048380
2025-05-19,1016.8617553710938,1031.2231073264577,1013.9695800841222,1031.1234002332399,1434608
2025-05-20,1009.9802856445312,1031.721726972458,1008.0853639724515,1028.23112663954,1624336
2025-05-21,998.2119750976562,1016.1636337183825,996.416760538593,1013.2713977032147,875245
2025-05-22,1002.8993530273438,1008.7835324340318,985.2469365497619,999.3090454759267,1283310
2025-05-23,1005.7915649414062,1019.753966437866,1002.4006716580558,1008.2848509229169,1568154
2025-05-26,1029.5277099609375,1033.2177245659664,976.869460629695,1006.4897106607087,4716572
2025-05-27,1010.9776000976562,1030.32546256447,1006.2902103331548,1029.22844109397,1158374
2025-05-28,998.3117065429688,1015.1663441188135,995.8184205625918,1012.1744009423611,1790498
2025-05-29,1003.4977416992188,1020.950743355636,995.5192266562851,1017.6596180746736,3282246
2025-05-30,990.8318481445312,1009.7808215866511,987.8399049694597,1000.3063348655911,1710817
2025-06-02,976.1713256835938,984.3493159641295,966.6469853072264,984.3493159641295,1790184
2025-06-03,971.1847534179688,984.6983514036863,969.4394532128072,977.4179684364032,1138571
2025-06-04,965.9488525390625,976.8694574226295,959.5660768846707,970.3869138052256,2398032
2025-06-05,966.1483154296875,974.2764520576693,962.0593507786874,970.1874265354295,2182562
2025-06-06,1002.2012329101562,1007.935790527063,965.0512726962824,966.1482941527605,2089570
2025-06-09,1005.2929077148438,1014.2687372480119,999.2591678140175,1003.5974610732195,1864322
2025-06-10,1000.4060668945312,1016.4130119771793,998.1122559107105,1012.2741327999931,1747781
2025-06-11,1004.3953247070312,1013.2714473641308,1001.2538208171804,1001.2538208171804,1003090
2025-06-12,992.97607421875,1007.2875110419899,989.8843631571652,1004.3952750281264,2223026
2025-06-13,984.5986328125,991.380358499103,978.7144535553248,982.0554932889289,1044815
2025-06-16,1001.1041870117188,1008.284862898,981.5568490330133,984.5986457923349,871032
2025-06-17,996.96533203125,1007.736315028286,995.2200318877549,1001.8022823661552,1075499
2025-06-18,983.7010498046875,996.2672479681582,981.1080566717643,994.3224726828453,854561
2025-06-19,993.375,995.2699217162299,982.3546880092711,984.2496097255008,1391083
2025-06-20,1002.8494873046875,1021.2499502425837,990.9315679962608,991.280664560592,9697195
2025-06-23,994.3224487304688,1002.5004389183474,980.8587044397352,1002.3009638657182,1132847
2025-06-24,1004.2955932617188,1019.8038198910654,998.6108890501403,1003.2982788692046,1434360
2025-06-25,1021.6986694335938,1025.0397700056108,1005.2928965548633,1005.2928965548633,2029126
2025-06-26,1029.7769775390625,1037.7055778995466,1014.4183122490463,1027.2337772576002,3892783
2025-06-27,1026.1368408203125,1042.891650189757,1020.4521363981397,1035.661120576169,1941604
2025-06-30,1017.7593383789062,1030.3254753861909,1011.7754520190106,1030.275682712013,765716
2025-07-01,1026.8348388671875,1028.8294675836128,1013.4708629898814,1020.9507206764758,988673
2025-07-02,1057.0535888671875,1062.0401610179501,1028.231177487282,1028.231177487282,3166924
2025-07-03,1043.29052734375,1064.9323219949342,1039.7999270847663,1062.1397930907572,1703765
2025-07-04,1038.603271484375,1048.8755370652525,1029.328198590758,1048.8755370652525,961108
2025-07-07,1039.7999267578125,1042.193505568858,1032.5196049797066,1038.204248131274,871937
2025-07-08,1045.0,1049.5999755859375,1039.300048828125,1042.0,828011
2025-07-09,1040.4000244140625,1052.0,1033.4000244140625,1051.699951171875,1666607
2025-07-10,1043.300048828125,1049.5999755859375,1034.0999755859375,1040.9000244140625,1101654
2025-07-11,1037.199951171875,1051.199951171875,1034.0999755859375,1043.0,931901
2025-07-14,1038.9000244140625,1044.9000244140625,1031.800048828125,1040.0,1238524
2025-07-15,1035.0,1044.699951171875,1028.199951171875,1044.699951171875,982842
2025-07-16,1029.800048828125,1035.0,1020.5,1034.0,1099243
2025-07-17,1034.199951171875,1041.699951171875,1023.5,1030.5,1553977
2025-07-18,1034.4000244140625,1053.5,1027.0,1039.0,1694015
2025-07-21,1034.800048828125,1053.5,1018.2999877929688,1051.0,2771028
2025-07-22,1030.699951171875,1043.199951171875,1028.5999755859375,1038.5999755859375,1237568
2025-07-23,1033.800048828125,1037.800048828125,1025.0,1034.0,1192492
2025-07-24,1033.800048828125,1048.800048828125,1031.800048828125,1039.0,1462398
2025-07-25,1026.9000244140625,1035.0,1020.0999755859375,1033.800048828125,912255
2025-07-28,1028.800048828125,1034.0,1017.4000244140625,1029.0,1839488
2025-07-29,1034.9000244140625,1051.300048828125,1023.7999877929688,1023.7999877929688,2215340
2025-07-30,1037.9000244140625,1052.300048828125,1031.699951171875,1046.4000244140625,1781038
2025-07-31,1048.300048828125,1058.5999755859375,1018.0,1018.0,3144726
2025-08-01,1027.800048828125,1054.0,1023.5999755859375,1054.0,1604653
2025-08-04,1055.9000244140625,1058.9000244140625,1026.4000244140625,1029.699951171875,1835680
2025-08-05,1053.4000244140625,1063.4000244140625,1048.699951171875,1059.0,1524968
2025-08-06,1052.5999755859375,1061.5,1045.800048828125,1059.0,1797515
2025-08-07,1064.800048828125,1074.9000244140625,1046.0,1052.5999755859375,1837589
2025-08-08,1049.199951171875,1071.4000244140625,1041.699951171875,1070.0,2234463
2025-08-11,1052.699951171875,1065.0,1046.300048828125,1049.199951171875,1492814
2025-08-12,1048.199951171875,1059.9000244140625,1045.5999755859375,1054.800048828125,1231299
2025-08-13,1053.699951171875,1059.5999755859375,1050.300048828125,1052.199951171875,1125769
2025-08-14,1045.5,1058.0999755859375,1038.9000244140625,1055.0,870899
2025-08-18,1079.800048828125,1084.0,1050.0,1060.0,3252940
2025-08-19,1073.4000244140625,1088.0,1070.699951171875,1080.0,1867228
2025-08-20,1082.5999755859375,1089.199951171875,1067.300048828125,1072.0,1321114
2025-08-21,1071.800048828125,1086.0999755859375,1069.300048828125,1080.5999755859375,2069244
2025-08-22,1054.5999755859375,1071.4000244140625,1051.300048828125,1068.5,1950366
2025-08-25,1057.800048828125,1062.699951171875,1049.800048828125,1059.5,1552036
2025-08-26,1047.0999755859375,1057.0,1044.699951171875,1051.199951171875,1758169
2025-08-28,1035.800048828125,1055.0999755859375,1033.9000244140625,1047.0999755859375,1313061
2025-08-29,1026.5999755859375,1038.300048828125,1022.2999877929688,1032.0,1062037
2025-09-01,1035.5,1038.5999755859375,1026.0999755859375,1026.5999755859375,624424
2025-09-02,1044.0,1049.5,1031.199951171875,1035.5999755859375,1071341
2025-09-03,1072.199951171875,1079.9000244140625,1040.0,1042.0,3357124
2025-09-04,1072.4000244140625,1076.4000244140625,1066.0999755859375,1075.0,922622
2025-09-05,1073.0999755859375,1076.5999755859375,1063.0,1069.0,748933
2025-09-08,1101.4000244140625,1112.300048828125,1080.0999755859375,1080.0999755859375,3219380
2025-09-09,1104.5,1110.0,1095.699951171875,1100.0,1058374
2025-09-10,1101.199951171875,1115.5,1097.300048828125,1108.0,1305818
2025-09-11,1099.0,1108.0,1095.199951171875,1101.199951171875,852085
2025-09-12,1099.0,1107.9000244140625,1093.0,1099.0,1057815
2025-09-15,1100.9000244140625,1105.0,1090.5,1100.0,565667
2025-09-16,1115.199951171875,1117.9000244140625,1100.0,1100.5,1644497
2025-09-17,1111.0,1122.5999755859375,1107.0999755859375,1119.5,950577
2025-09-18,1121.0999755859375,1122.9000244140625,1105.0,1111.9000244140625,824725
2025-09-19,1122.800048828125,1126.0,1113.699951171875,1121.0999755859375,1351221
2025-09-22,1117.0,1126.800048828125,1111.5999755859375,1122.0,786218
2025-09-23,1138.4000244140625,1148.0,1117.0999755859375,1125.0,2075493
2025-09-24,1149.0999755859375,1161.0,1133.0,1138.4000244140625,2111388
2025-09-25,1148.5,1157.5,1140.0,1149.0999755859375,1581307
2025-09-26,1130.800048828125,1167.9000244140625,1127.9000244140625,1155.0,2999892
2025-09-29,1122.199951171875,1143.9000244140625,1119.699951171875,1130.0,2615670
2025-09-30,1142.699951171875,1149.9000244140625,1127.0999755859375,1128.800048828125,2771126
2025-10-01,1146.0999755859375,1148.5999755859375,1132.199951171875,1145.0,1129506
2025-10-03,1161.699951171875,1175.800048828125,1145.9000244140625,1146.0999755859375,2179883
2025-10-06,1159.9000244140625,1164.9000244140625,1149.199951171875,1161.699951171875,1013304
2025-10-07,1156.800048828125,1173.0,1154.199951171875,1159.9000244140625,1565661
2025-10-08,1145.199951171875,1162.699951171875,1142.699951171875,1158.0,737972
2025-10-09,1175.199951171875,1178.800048828125,1146.0,1146.0,2001612
2025-10-10,1167.800048828125,1175.0,1156.4000244140625,1174.0,1457768
2025-10-13,1161.4000244140625,1164.9000244140625,1153.5999755859375,1160.9000244140625,488298
2025-10-14,1147.800048828125,1169.5999755859375,1139.4000244140625,1165.0,1408990
2025-10-15,1160.800048828125,1163.699951171875,1145.0,1147.800048828125,1284749
2025-10-16,1172.0999755859375,1173.5,1158.5999755859375,1165.0,655759
2025-10-17,1163.300048828125,1178.0,1149.5999755859375,1175.0,2207267
2025-10-20,1145.199951171875,1174.5999755859375,1139.4000244140625,1174.5999755859375,1214428
2025-10-21,1152.5,1154.699951171875,1148.5999755859375,1150.0,115719
2025-10-23,1138.199951171875,1162.5,1135.0999755859375,1161.0,1740322
2025-10-24,1141.4000244140625,1151.0,1131.5,1140.0,1320560
2025-10-27,1150.5999755859375,1156.699951171875,1143.199951171875,1147.800048828125,1275776
2025-10-28,1184.199951171875,1186.4000244140625,1145.0,1145.5999755859375,3451230
2025-10-29,1207.9000244140625,1223.9000244140625,1185.5,1189.199951171875,3819737
2025-10-30,1210.0,1211.5999755859375,1199.4000244140625,1207.9000244140625,1273913
2025-10-31,1206.0,1216.0,1199.0,1210.0,1337807
2025-11-03,1195.0,1217.5,1190.0,1213.9000244140625,1486643
2025-11-04,1181.4000244140625,1202.5999755859375,1175.199951171875,1202.5999755859375,1110884
2025-11-05,1181.4000244140625,1181.4000244140625,1181.4000244140625,1181.4000244140625,0
2025-11-06,1168.800048828125,1183.5,1161.5999755859375,1181.4000244140625,1304994
2025-11-07,1171.699951171875,1182.9000244140625,1151.199951171875,1160.0999755859375,845047
2025-11-10,1179.300048828125,1185.0,1172.0,1174.0,740226
2025-11-11,1191.5,1206.699951171875,1166.0999755859375,1187.0,1588730
2025-11-12,1181.800048828125,1194.9000244140625,1178.0,1192.0,976290
2025-11-13,1183.9000244140625,1200.4000244140625,1178.0999755859375,1191.699951171875,1427189
2025-11-14,1167.800048828125,1182.9000244140625,1159.0,1182.0999755859375,1059030
2025-11-17,1175.5,1178.0,1165.4000244140625,1173.9000244140625,1102752
2025-11-18,1163.0,1179.9000244140625,1152.9000244140625,1179.9000244140625,1912105
2025-11-19,1164.9000244140625,1170.9000244140625,1157.5999755859375,1167.5,522344
2025-11-20,1170.0,1174.9000244140625,1161.0,1170.5999755859375,908758
2025-11-21,1140.300048828125,1166.9000244140625,1133.0999755859375,1166.0,1045627
2025-11-24,1106.0,1145.0,1104.300048828125,1142.0,2209717
2025-11-25,1112.0,1123.9000244140625,1107.300048828125,1107.300048828125,1394051
2025-11-26,1154.4000244140625,1157.0,1112.0,1112.0,2167703
2025-11-27,1160.5999755859375,1163.0,1136.300048828125,1159.0,2342042
2025-11-28,1160.300048828125,1172.5999755859375,1153.300048828125,1160.0,1243394
2025-12-01,1168.4000244140625,1185.0,1157.300048828125,1164.9000244140625,3039396
2025-12-02,1162.0,1172.800048828125,1159.300048828125,1168.4000244140625,2834317
2025-12-03,1143.5999755859375,1171.199951171875,1104.9000244140625,1162.0,6026786
2025-12-04,1150.5999755859375,1165.0,1143.0999755859375,1159.0,2285777
2025-12-05,1162.199951171875,1170.0,1143.4000244140625,1150.0,2326439
2025-12-08,1119.0999755859375,1168.0,1114.800048828125,1164.9000244140625,1727184
2025-12-09,1107.800048828125,1120.5999755859375,1099.300048828125,1118.0,1947088
2025-12-10,1096.800048828125,1113.0999755859375,1090.0,1101.300048828125,1222924
2025-12-11,1105.4000244140625,1111.300048828125,1095.5,1100.9000244140625,759090
2025-12-12,1125.5,1128.800048828125,1108.800048828125,1110.0,827546
2025-12-15,1114.800048828125,1122.5999755859375,1110.0,1120.0999755859375,1017965
2025-12-16,1082.5999755859375,1114.0,1080.5,1114.0,2000325
2025-12-17,1079.300048828125,1093.699951171875,1075.5999755859375,1088.300048828125,1781774
2025-12-18,1082.199951171875,1091.5,1073.199951171875,1079.0,1134603
2025-12-19,1079.5999755859375,1091.0,1075.699951171875,1091.0,1068212
2025-12-22,1094.9000244140625,1100.300048828125,1077.699951171875,1085.0,1086319
2025-12-23,1096.800048828125,1102.9000244140625,1092.0,1095.0,961759
2025-12-24,1091.300048828125,1103.300048828125,1088.0999755859375,1099.5,806530
2025-12-25,1091.300048828125,1091.300048828125,1091.300048828125,1091.300048828125,0
2025-12-26,1094.4000244140625,1099.699951171875,1082.0,1092.0999755859375,1317269
2025-12-29,1092.5999755859375,1111.0,1089.4000244140625,1100.0,3084525
2025-12-30,1111.5999755859375,1114.0,1089.5,1093.0,1609086
2025-12-31,1164.800048828125,1169.0,1132.5999755859375,1156.0,5881898
2026-01-01,1171.5,1176.800048828125,1161.0,1163.5,1173697
2026-01-02,1180.699951171875,1184.0,1169.0999755859375,1172.0,903240
2026-01-05,1185.9000244140625,1192.9000244140625,1179.0,1180.699951171875,1017822
2026-01-06,1176.300048828125,1197.5999755859375,1169.0,1185.9000244140625,1395370
2026-01-07,1189.800048828125,1193.5,1169.4000244140625,1174.9000244140625,1161485
2026-01-08,1155.9000244140625,1190.0,1153.9000244140625,1190.0,1275035
2026-01-09,1158.800048828125,1170.699951171875,1154.4000244140625,1160.0,1387896
2026-01-12,1182.699951171875,1185.0,1146.4000244140625,1160.0,1391748
2026-01-13,1178.0999755859375,1194.800048828125,1168.4000244140625,1182.699951171875,1570887
2026-01-14,1181.800048828125,1201.9000244140625,1170.300048828125,1179.9000244140625,2281726
2026-01-16,1187.300048828125,1199.300048828125,1179.199951171875,1181.800048828125,1883089
2026-01-19,1180.0,1195.800048828125,1179.4000244140625,1187.4000244140625,1105904
