timestamp,open,high,low,close,volume
2025-07-10,111200.0,117508.5,110445.0,115976.5,194388.0
2025-07-11,115979.5,118863.0,115197.5,117500.5,222358.0
2025-07-12,117500.0,118171.0,116865.5,117381.0,128854.0
2025-07-13,117389.5,119444.5,117176.0,119038.0,177536.0
2025-07-14,119059.0,123221.0,118869.5,119816.0,201782.0
2025-07-15,119798.5,119919.5,115685.5,117738.5,181126.0
2025-07-16,117739.0,120004.0,117033.5,118613.0,124132.0
2025-07-17,118590.5,120943.5,117420.0,119177.0,138824.0
2025-07-18,119199.0,120844.0,116792.0,117896.5,183869.0
2025-07-19,117896.5,118455.5,117259.5,117814.5,109069.0
2025-07-20,117814.5,118857.0,116444.0,117230.5,155794.0
2025-07-21,117220.5,119635.0,116463.5,117330.0,142576.0
2025-07-22,117330.5,120264.5,116041.5,119994.0,158870.0
2025-07-23,120000.5,120146.0,117276.5,118713.5,115685.0
2025-07-24,118684.0,119444.5,117053.5,118272.5,128236.0
2025-07-25,118296.5,118411.0,114683.5,117592.0,235563.0
2025-07-26,117583.5,118273.0,117114.5,117872.0,110287.0
2025-07-27,117905.5,119766.0,117801.5,119374.5,137590.0
2025-07-28,119423.0,119812.0,117401.5,118044.5,124509.0
2025-07-29,118041.0,119258.5,116922.0,117905.5,110503.0
2025-07-30,117897.0,118759.0,115718.0,117771.5,153841.0
2025-07-31,117777.5,118890.5,115424.5,115708.0,160447.0
2025-08-01,115667.5,116000.0,112683.0,113244.5,196608.0
2025-08-02,113238.5,113999.5,111944.5,112509.0,119665.0
2025-08-03,112529.5,114729.5,111887.5,114150.5,106115.0
2025-08-04,114150.5,115674.5,114054.0,115002.5,140040.0
2025-08-05,115018.5,115073.5,112604.5,114085.5,142326.0
2025-08-06,114083.0,115661.5,113305.0,114941.0,114431.0
2025-08-07,114931.5,117577.0,114211.5,117420.0,165619.0
2025-08-08,117412.5,117590.0,115865.0,116623.0,131193.0
2025-08-09,116628.5,117892.5,116304.5,116422.5,178957.0
2025-08-10,116422.5,119287.0,116420.0,119255.0,160387.0
2025-08-11,119271.0,122316.0,118186.0,118642.0,160482.0
2025-08-12,118641.5,120259.5,118154.0,120081.0,110040.0
2025-08-13,120057.5,123680.5,118894.0,123324.0,133713.0
2025-08-14,123347.5,124530.5,117110.0,118242.5,179799.0
2025-08-15,118267.5,119182.0,116747.0,117279.5,118146.0
2025-08-16,117265.0,117853.5,117121.0,117330.0,114298.0
2025-08-17,117330.0,118515.0,117121.5,117353.5,125530.0
2025-08-18,117347.0,117499.5,114605.5,116177.5,158517.0
2025-08-19,116185.5,116687.5,112683.0,112828.0,139141.0
2025-08-20,112824.5,114569.0,112306.0,114220.5,125003.0
2025-08-21,114177.0,114769.0,111963.0,112457.5,114596.0
2025-08-22,112462.5,117390.0,111627.5,116898.0,212830.0
2025-08-23,116906.5,116987.5,114510.5,115377.5,109305.0
2025-08-24,115366.0,115632.5,110598.5,113438.5,199080.0
2025-08-25,113446.5,113621.5,109228.5,110064.0,162432.0
2025-08-26,110056.5,112318.5,108661.5,111710.0,135427.0
2025-08-27,111705.0,112570.0,110313.0,111195.0,111625.0
2025-08-28,111176.0,113429.0,110822.0,112507.5,126730.0
2025-08-29,112500.0,112586.0,107458.5,108318.0,238971.0
2025-08-30,108332.0,108880.0,107312.5,108757.5,139877.0
2025-08-31,108760.0,109440.0,108021.0,108208.5,140168.0
2025-09-01,108200.0,109863.5,107211.5,109183.0,187898.0
2025-09-02,109228.0,111707.0,108333.5,111176.5,153080.0
2025-09-03,111188.0,112523.5,110500.0,111660.0,99162.0
2025-09-04,111653.5,112136.5,109297.0,110672.5,132301.0
2025-09-05,110688.0,113344.5,110182.0,110614.5,166315.0
2025-09-06,110615.0,111256.5,109926.5,110135.5,94336.0
2025-09-07,110135.5,111559.0,110121.0,111081.0,130003.0
2025-09-08,111062.5,112868.0,110567.0,112013.0,147014.0
2025-09-09,112013.0,113238.0,110719.5,111459.5,136807.0
2025-09-10,111499.5,114279.5,110869.0,113897.0,123586.0
2025-09-11,113896.5,115439.0,113371.5,115427.0,85912.0
2025-09-12,115474.0,116600.0,114699.5,115978.0,140918.0
2025-09-13,115978.5,116245.5,115132.5,115863.0,117108.0
2025-09-14,115863.0,116115.0,115083.5,115233.0,117948.0
2025-09-15,115187.0,116701.0,114343.0,115300.5,183901.0
2025-09-16,115301.0,116910.5,114733.0,116747.5,126879.0
2025-09-17,116747.5,117233.5,114687.5,116396.0,177793.0
2025-09-18,116423.5,117858.0,116057.5,117017.5,115350.0
2025-09-19,117026.5,117406.5,115050.0,115570.0,121499.0
2025-09-20,115569.5,116060.0,115343.0,115625.0,106826.0
2025-09-21,115625.0,115778.0,115134.0,115175.5,99274.0
2025-09-22,115178.5,115344.5,111681.5,112604.5,223164.0
2025-09-23,112605.0,113231.5,111414.5,111947.5,99144.0
2025-09-24,111947.5,113896.0,111020.0,113254.0,120260.0
2025-09-25,113270.5,113462.0,108577.5,108949.5,171042.0
2025-09-26,108935.0,110244.5,108622.5,109589.0,132269.0
2025-09-27,109588.0,109694.5,109022.0,109577.5,91876.0
2025-09-28,109591.0,112299.5,109137.0,112120.0,170267.0
2025-09-29,112138.5,114360.0,111501.5,114287.5,127856.0
2025-09-30,114245.0,114740.0,112615.5,113988.5,116271.0
2025-10-01,114004.0,118601.0,113899.5,118554.0,143621.0
2025-10-02,118587.0,120994.0,118230.5,120481.5,120705.0
2025-10-03,120492.0,123879.5,119230.5,122183.0,138427.0
2025-10-04,122196.0,122771.0,121464.0,122326.5,106478.0
2025-10-05,122343.5,125757.0,122088.5,123426.5,200843.0
2025-10-06,123450.0,126174.0,123021.5,124625.0,114317.0
2025-10-07,124629.0,125086.5,120527.5,121287.0,133917.0
2025-10-08,121291.5,124119.5,121048.5,123237.0,101106.0
2025-10-09,123254.0,123701.0,119583.0,121579.5,154620.0
2025-10-10,121603.5,122439.5,102104.0,112713.5,277667.0
2025-10-11,112586.0,113274.5,109541.5,110579.5,95541.0
2025-10-12,110605.5,115675.0,109526.5,114894.0,145046.0
2025-10-13,114929.0,115819.5,113612.0,115112.0,78983.0
2025-10-14,115096.5,115360.5,109822.0,112990.0,159626.0
2025-10-15,112984.0,113563.0,110100.0,110699.0,91776.0
2025-10-16,110708.0,111954.5,107369.0,108136.5,144370.0
2025-10-17,108129.5,109171.5,103507.5,106383.5,290545.0
2025-10-18,106379.0,107436.5,106270.5,107118.0,103179.0
2025-10-19,107104.0,109382.5,106067.0,108590.5,276068.0
2025-10-20,108557.5,111649.0,107381.5,110470.0,118362.0
2025-10-21,110470.0,113933.0,107426.5,108263.0,187195.0
2025-10-22,108235.0,109099.0,106690.5,107532.5,119282.0
2025-10-23,107527.0,111229.5,107472.0,110026.0,126366.0
2025-10-24,110015.5,112025.5,109682.5,110965.5,145861.0
2025-10-25,110958.0,111883.5,110625.0,111589.5,107861.0
2025-10-26,111570.5,115406.5,111200.5,114511.0,229555.0
2025-10-27,114545.5,116366.5,113816.5,114064.5,124346.0
2025-10-28,114044.0,116044.0,112160.0,112833.0,105807.0
2025-10-29,112833.0,113580.5,109097.0,109996.5,133431.0
2025-10-30,109992.0,111555.0,106296.0,108264.0,138776.0
2025-10-31,108238.0,111128.0,108237.5,109557.5,137399.0
2025-11-01,109563.0,110536.5,109361.0,110047.0,116507.0
2025-11-02,110047.0,111196.0,109431.0,110495.0,155971.0
2025-11-03,110488.5,110709.5,105300.5,106543.5,192781.0
2025-11-04,106532.0,107247.5,98907.5,101450.0,192578.0
2025-11-05,101434.5,104493.0,98920.5,103849.5,101366.0
2025-11-06,103808.0,104149.5,100274.5,101306.0,122582.0
2025-11-07,101310.0,104058.5,99240.0,103305.5,196178.0
2025-11-08,103305.0,103374.0,101417.0,102269.5,189995.0
2025-11-09,102269.5,105440.0,101373.0,104671.0,171726.0
2025-11-10,104652.5,106619.5,104232.0,105966.5,126670.0
2025-11-11,105977.5,107467.0,102437.5,103000.5,165255.0
2025-11-12,103018.0,105287.0,100716.0,101605.5,143558.0
2025-11-13,101590.5,103974.5,98000.5,99666.0,194136.0
2025-11-14,99654.5,99818.5,93980.5,94533.5,215805.0
2025-11-15,94558.0,96791.0,94553.5,95554.0,146009.0
2025-11-16,95587.5,96600.5,92969.0,94228.0,240313.0
2025-11-17,94239.0,96012.5,91269.0,92166.0,207871.0
2025-11-18,92150.5,93768.5,89234.0,92917.0,150083.0
2025-11-19,92928.0,92928.0,88584.5,91509.0,188208.0
2025-11-20,91508.5,93129.0,86071.0,86601.0,194129.0
2025-11-21,86580.0,87465.0,80600.5,85086.5,303839.0
2025-11-22,85108.5,85577.5,83471.5,84689.5,160712.0
2025-11-23,84689.5,88093.0,84622.5,86807.5,220517.0
2025-11-24,86781.5,89173.0,85233.5,88247.5,205950.0
2025-11-25,88231.5,88473.0,86091.5,87324.5,161320.0
2025-11-26,87333.5,90586.5,86260.0,90442.0,191976.0
2025-11-27,90431.5,91888.5,90025.5,91292.0,120453.0
2025-11-28,91287.0,93050.0,90167.0,90847.5,210708.0
2025-11-29,90848.0,91129.0,90156.5,90764.5,167004.0
2025-11-30,90791.0,91919.5,90309.0,90321.0,178144.0
2025-12-01,90288.5,90362.0,83791.5,86270.5,308726.0
2025-12-02,86242.0,92251.0,86146.5,91240.5,184205.0
2025-12-03,91249.5,94026.5,90971.5,93377.0,130425.0
2025-12-04,93366.0,94013.0,90894.0,92035.0,138509.0
2025-12-05,92036.0,92644.0,88066.0,89291.0,209868.0
2025-12-06,89265.5,90214.0,88885.0,89190.0,167022.0
2025-12-07,89213.0,91697.0,87696.5,90345.5,231354.0
2025-12-08,90327.5,92244.5,89565.0,90600.5,157623.0
2025-12-09,90601.5,94545.5,89500.0,92638.0,177591.0
2025-12-10,92638.0,94422.0,91534.5,91978.0,206026.0
2025-12-11,91960.0,93520.0,89243.0,92469.5,160939.0
2025-12-12,92460.0,92696.0,89438.5,90229.5,168898.0
2025-12-13,90230.0,90599.0,89721.5,90197.0,132507.0
2025-12-14,90202.0,90430.5,87546.5,88100.5,306139.0
2025-12-15,88127.5,89946.0,85119.5,86389.5,206519.0
2025-12-16,86368.5,88111.0,85230.0,87826.0,164043.0
2025-12-17,87763.0,90306.5,85284.0,86202.0,145650.0
2025-12-18,86201.0,89419.0,84420.5,85470.0,180399.0
2025-12-19,85473.0,89335.0,85079.0,88100.5,166125.0
2025-12-20,88100.5,88510.0,87927.5,88320.5,132369.0
2025-12-21,88346.0,89023.5,87583.0,88621.5,208197.0
2025-12-22,88649.5,90550.0,87869.5,88561.0,197407.0
2025-12-23,88540.0,88900.5,86542.5,87455.0,161257.0
2025-12-24,87470.5,87992.5,86394.5,87627.5,120436.0
2025-12-25,87627.0,88524.5,86910.5,87217.0,143143.0
2025-12-26,87180.0,89511.5,86645.5,87318.0,227375.0
2025-12-27,87335.5,87931.0,87203.5,87841.0,109491.0
2025-12-28,87840.5,88024.0,87419.5,87899.0,138660.0
2025-12-29,87920.5,90362.0,86777.0,87203.5,255052.0
2025-12-30,87196.0,89350.5,86794.5,88446.0,140236.0
2025-12-31,88455.5,89132.5,87216.0,87608.0,149577.0
2026-01-01,87608.0,88881.5,87525.0,88799.5,108924.0
2026-01-02,88809.5,90925.0,88361.5,89951.0,239207.0
2026-01-03,89951.5,90705.5,89265.5,90596.0,149037.0
2026-01-04,90596.0,91768.0,90596.0,91500.0,181895.0
2026-01-05,91525.5,94748.0,91480.5,93822.5,210316.0
2026-01-06,93822.0,94412.0,91212.0,93695.0,154409.0
2026-01-07,93708.5,93708.5,90647.5,91328.5,118680.0
2026-01-08,91344.5,91650.5,89279.5,91065.0,176081.0
2026-01-09,91060.0,91976.0,89657.0,90604.0,170593.0
2026-01-10,90604.0,90800.0,90359.0,90469.5,122665.0
2026-01-11,90481.5,91236.5,90207.5,90951.5,186260.0
2026-01-12,90975.0,92478.5,90101.5,91252.5,193071.0
2026-01-13,91252.5,96606.5,91011.5,95375.5,197799.0
2026-01-14,95388.0,97860.5,94526.5,96908.0,131673.0
2026-01-15,96898.0,97154.5,95094.0,95551.5,136098.0
2026-01-16,95573.0,95810.0,94252.0,95506.5,123903.0
2026-01-17,95504.0,95614.5,94981.0,95107.5,108628.0
2026-01-18,95096.0,95490.0,93559.5,93611.0,159392.0
2026-01-19,93608.0,93608.0,91985.0,92590.0,167427.0
2026-01-20,92586.5,92837.0,87898.0,88386.5,186491.0
2026-01-21,88390.5,90483.0,87224.0,89416.0,141776.0
2026-01-22,89411.5,90328.0,88492.0,89520.0,103098.0
2026-01-23,89518.5,91185.0,88552.0,89558.5,195975.0
2026-01-24,89559.0,89894.5,89131.5,89181.0,99315.0
2026-01-25,89181.0,89282.0,86039.5,86625.0,265645.0
2026-01-26,86629.0,88820.0,86469.0,88300.5,128056.0
2026-01-27,88301.0,89483.5,87272.5,89198.0,134014.0
2026-01-28,89223.0,90557.0,88803.0,89265.5,168422.0
2026-01-29,89266.0,89308.0,83354.5,84628.5,205130.0
2026-01-30,84600.5,84697.5,81115.5,84211.0,290345.0
2026-01-31,84224.0,84239.5,75884.5,78706.0,310227.0
2026-02-01,78707.0,79388.0,75673.0,76920.5,152850.0
2026-02-02,76926.0,79256.0,74572.5,78699.5,205512.0
2026-02-03,78693.0,79149.0,72944.5,75732.0,201208.0
2026-02-04,75710.0,76926.5,71844.5,73152.0,191257.0
2026-02-05,73153.0,73316.0,62298.0,62890.0,369916.0
2026-02-06,62946.0,71710.0,59905.0,70544.5,275819.0
2026-02-07,70551.5,71644.0,67287.5,69286.5,349432.0
2026-02-08,69273.5,72237.5,68849.0,70288.5,181684.0
2026-02-09,70284.5,71416.5,68342.5,70111.0,244297.0
2026-02-10,70137.0,70456.5,67918.5,68781.5,203242.0
2026-02-11,68801.5,69258.5,65754.0,67025.5,240019.0
2026-02-12,67055.5,68369.5,65108.5,66234.5,238148.0
2026-02-13,66242.0,69363.0,65842.0,68811.5,260341.0
2026-02-14,68822.0,70484.0,68692.5,69788.5,292094.0
2026-02-15,69758.0,70937.0,68053.5,68782.5,225400.0
2026-02-16,68782.0,70077.5,67263.5,68860.5,204633.0
2026-02-17,68868.5,69175.5,66618.5,67465.5,213293.0
2026-02-18,67475.5,68424.0,65841.0,66443.5,215827.0
2026-02-19,66432.5,67287.0,65600.0,66974.0,183252.0
2026-02-20,66949.0,68266.5,66425.5,67997.5,309922.0
2026-02-21,67991.0,68669.5,67502.0,67933.5,129463.0
2026-02-22,67946.5,68216.5,67163.5,67612.0,193735.0
2026-02-23,67614.0,67650.0,63862.5,64626.0,339842.0
2026-02-24,64626.0,64978.5,62602.0,64013.5,166161.0
2026-02-25,64031.0,69897.0,63879.5,67952.5,288317.0
2026-02-26,67908.5,68802.5,66495.0,67448.0,215574.0
2026-02-27,67436.0,68172.0,64965.5,65836.0,373151.0
2026-02-28,65829.0,67701.5,62999.0,66942.5,324687.0
2026-03-01,66966.0,68144.0,65032.5,65741.0,196062.0
2026-03-02,65768.0,70064.5,65266.0,68770.0,290828.0
2026-03-03,68801.0,69203.5,66200.5,68295.5,202220.0
2026-03-04,68295.5,74000.5,67379.0,72737.5,288150.0
2026-03-05,72641.5,73513.0,70620.5,70848.5,159946.0
2026-03-06,70880.0,71352.5,67720.5,68097.0,218761.0
2026-03-07,68090.0,68513.0,66934.0,67231.5,168142.0
2026-03-08,67232.0,68156.5,65591.5,65934.5,215734.0
2026-03-09,65939.0,69446.5,65778.5,68394.5,218612.0
2026-03-10,68377.0,71729.5,68356.0,69906.0,168894.0
2026-03-11,69902.0,71278.0,68938.5,70141.5,169984.0
2026-03-12,70149.5,70751.0,69170.5,70485.5,159548.0
2026-03-13,70474.5,73857.0,70347.0,70895.5,232185.0
2026-03-14,70858.5,71260.5,70341.0,71170.5,139697.0
2026-03-15,71174.5,73172.0,70820.5,72773.5,210079.0
2026-03-16,72800.0,74870.5,72261.5,74849.5,209077.0
2026-03-17,74846.5,75965.0,73355.0,73872.5,146010.0
2026-03-18,73863.0,74618.5,70456.5,71210.0,189112.0
2026-03-19,71198.0,71567.5,68765.5,69890.5,163579.0
2026-03-20,69882.0,71333.0,69374.0,70472.5,187483.0
2026-03-21,70484.0,71049.0,68540.5,68849.0,191651.0
2026-03-22,68876.5,69541.0,67330.5,67835.0,191641.0
2026-03-23,67860.0,71778.5,67412.5,70865.5,242496.0
2026-03-24,70862.5,71375.5,68904.0,70522.5,184033.0
2026-03-25,70533.5,71990.0,70380.5,71298.0,228723.0
2026-03-26,71304.5,71389.5,68130.0,68788.5,263617.0
2026-03-27,68791.0,69125.0,65545.5,66364.5,617727.0
2026-03-28,66330.5,67263.5,65901.0,66343.0,154808.0
2026-03-29,66334.5,67066.0,64944.5,65968.0,264235.0
2026-03-30,66012.5,68122.5,65760.0,66745.5,403000.0
2026-03-31,66764.0,68576.0,65955.5,68238.0,259184.0
2026-04-01,68235.5,69246.0,67555.5,68080.5,250093.0
2026-04-02,68078.0,68619.5,65699.5,66873.0,330214.0
2026-04-03,66890.5,67326.5,66244.5,66930.0,161098.0
2026-04-04,66908.0,67513.0,66746.0,67268.0,211724.0
2026-04-05,67271.5,69102.0,66578.0,68993.5,240046.0
2026-04-06,69049.0,70272.0,68303.0,68822.0,256227.0
2026-04-07,68788.0,72743.0,67713.5,71911.5,552291.0
2026-04-08,71890.5,72804.0,70693.5,71073.5,177299.0
2026-04-09,71038.5,73115.0,70436.0,71750.5,293038.0
2026-04-10,71753.0,73392.0,71395.5,72917.5,320920.0
2026-04-11,72917.0,73762.5,72466.0,73013.0,194194.0
2026-04-12,72999.0,73094.5,70499.5,70709.0,354115.0
2026-04-13,70711.5,74776.0,70526.5,74544.5,362215.0
2026-04-14,74330.5,75940.0,73821.0,74127.0,60821.0
2026-04-15,74110.0,75342.0,73493.5,74818.5,75883.0
2026-04-16,74636.5,75496.0,73277.0,75131.0,107000.0
2026-04-17,75095.5,78178.0,74506.0,77073.5,93899.0
2026-04-18,77142.0,77346.0,75432.0,75704.0,174140.0
2026-04-19,75658.0,76186.0,73754.0,73798.5,159627.0
2026-04-20,73709.0,76511.5,73709.0,75750.5,45693.0
2026-04-21,75886.0,76769.5,74792.5,76283.5,55793.0
2026-04-22,76469.0,79395.0,76098.5,78111.5,61476.0
2026-04-23,78309.5,78623.0,76933.0,78221.5,63028.0
2026-04-24,78233.5,78458.5,77252.5,77391.0,43510.0
2026-04-25,77418.0,77799.0,77121.5,77568.0,24154.0
2026-04-26,77520.5,78893.0,77281.5,78702.0,23054.0
2026-04-27,78729.5,79441.0,76514.5,77365.0,33723.0
2026-04-28,77274.0,77420.0,75659.0,76304.5,28442.0
2026-04-29,76319.0,77837.0,74937.5,75679.5,43455.0
2026-04-30,75802.0,76585.5,75370.0,76289.0,52582.0
2026-05-01,76441.0,78842.0,76441.0,78116.5,62659.0
2026-05-02,78191.0,79131.5,77993.0,78600.5,36856.0
2026-05-03,78684.5,79400.5,78090.0,78540.5,28681.0
2026-05-04,78500.0,80724.0,78163.0,79777.0,108373.0
2026-05-05,79768.5,81725.5,79768.5,80862.5,53656.0
2026-05-06,80938.5,82806.5,80696.0,81398.0,83539.0
2026-05-07,81407.5,81660.0,79503.5,79994.0,36426.0
2026-05-08,80002.0,80447.0,79178.5,80144.5,54407.0
2026-05-09,80170.5,80995.5,80100.0,80634.0,32375.0
2026-05-10,80611.5,82394.5,80230.5,82053.0,18880.0
2026-05-11,82060.5,82089.5,80433.5,81602.0,34188.0
2026-05-12,81593.0,81613.5,79869.5,80407.0,26957.0
2026-05-13,80429.5,81270.5,78789.0,79287.0,35388.0
2026-05-14,79299.5,81989.5,78880.0,81048.5,30816.0
2026-05-15,81053.5,81588.5,78640.5,79022.0,47810.0
2026-05-16,79130.5,79199.5,77608.0,78127.5,52753.0
2026-05-17,78104.5,78563.5,76807.0,77502.5,33691.0
2026-05-18,77180.0,77738.5,76048.0,76909.5,35639.0
2026-05-19,77072.5,77327.0,76200.0,76804.0,17526.0
2026-05-20,76623.0,77830.5,76548.5,77433.0,17096.0
2026-05-21,77630.5,78167.5,76729.0,77667.5,15831.0
2026-05-22,77498.0,77797.5,75386.0,75548.5,40542.0
2026-05-23,75548.5,77293.5,74296.0,76730.5,38708.0
2026-05-24,76681.5,77471.0,76073.0,77142.0,17290.0
2026-05-25,77180.0,77857.0,76883.0,77297.0,8396.0
2026-05-26,77271.0,78047.0,75688.5,75882.0,28599.0
2026-05-27,76033.0,76042.5,74218.5,74454.0,13230.0
2026-05-28,74535.0,74535.0,72586.5,73510.0,24401.0
2026-05-29,73646.0,74292.0,72515.0,73434.0,35734.0
2026-05-30,73655.0,74088.0,73225.0,73817.5,20140.0
2026-05-31,73872.0,74223.5,73379.5,73654.0,14106.0
2026-06-01,73735.0,74043.5,70690.0,71495.0,20465.0
2026-06-02,71269.5,71348.5,66176.0,66759.5,41694.0
2026-06-03,66742.0,67432.5,64071.0,64071.0,39326.0
2026-06-04,64142.5,64671.5,61486.5,63756.0,47831.0
2026-06-05,63796.5,63874.0,59105.5,60950.0,107244.0
2026-06-06,61065.0,61473.0,59466.5,60887.0,110708.0
2026-06-07,60736.0,64105.0,60736.0,63307.0,86224.0
2026-06-08,63310.5,64131.0,62387.5,63009.0,53581.0
2026-06-09,62960.0,63479.5,60856.0,61709.5,54366.0
2026-06-10,61776.5,62781.0,60787.0,61450.0,23763.0
2026-06-11,61683.5,63868.5,61682.5,63666.5,63035.0
2026-06-12,63725.5,64328.0,62869.5,63426.5,30008.0
2026-06-13,63660.5,64702.0,63422.5,64363.5,18862.0
2026-06-14,64529.0,65732.5,63650.5,65732.5,29217.0
2026-06-15,65860.0,67219.5,65315.0,66307.0,35213.0
2026-06-16,66265.5,66927.0,65365.5,65622.5,79218.0
2026-06-17,65778.0,66328.5,63900.0,64420.0,86664.0
2026-06-18,64496.0,64735.5,62261.5,62948.5,71876.0
2026-06-19,63002.5,63553.5,62295.5,63551.0,59498.0
2026-06-20,63509.5,64310.0,63176.0,64310.0,38308.0
2026-06-21,64218.0,64550.5,63270.0,63301.0,27407.0
2026-06-22,63469.0,65550.5,63469.0,63996.5,37352.0
2026-06-23,63887.5,64223.0,61964.0,62675.0,20853.0
2026-06-24,62800.0,63163.0,59189.5,60969.5,31512.0
2026-06-25,61075.5,61923.0,58229.0,59833.0,56108.0
2026-06-26,59750.5,60665.0,58350.0,60064.0,49253.0
2026-06-27,60040.5,60889.0,59848.0,60027.0,39762.0
2026-06-28,60000.5,60518.5,58923.5,59633.0,20973.0
2026-06-29,59488.5,60722.0,58986.0,60175.0,32977.0
2026-06-30,60118.0,60118.0,58185.5,58582.0,21350.0
2026-07-01,58655.0,61280.5,57904.0,60068.5,45651.0
2026-07-02,59871.0,62140.5,59571.0,61500.5,30259.0
2026-07-03,61401.5,62939.5,61237.0,62508.0,130230.0
2026-07-04,62783.5,63403.0,62318.5,63118.0,19981.0
2026-07-05,63022.5,63962.0,62450.0,63566.0,15128.0
2026-07-06,63553.5,64678.0,61308.0,64053.5,40451.0
2026-07-07,64052.0,64230.0,62704.5,63352.0,33067.0
2026-07-08,63674.5,63674.5,61528.5,62186.5,28962.0
