datetime,open,high,low,close
2024-05-05,1.0771,1.0771,1.0756,1.07581
2024-05-06,1.07581,1.0791,1.0754,1.0769
2024-05-07,1.07703,1.0788,1.0745,1.07498
2024-05-08,1.07495,1.0758,1.0733,1.07467
2024-05-09,1.07465,1.0787,1.0723,1.07817
2024-05-10,1.07816,1.0791,1.07587,1.0771
2024-05-12,1.07718,1.07751,1.07658,1.0769
2024-05-13,1.07699,1.0807,1.0764,1.07918
2024-05-14,1.07919,1.0826,1.07652,1.08138
2024-05-15,1.08134,1.0891,1.0811,1.0888
2024-05-16,1.0888,1.0895,1.0853,1.08676
2024-05-17,1.08675,1.0879,1.0834,1.08625
2024-05-19,1.0865,1.0874,1.08607,1.0871
2024-05-20,1.08723,1.08843,1.0852,1.08602
2024-05-21,1.08601,1.0876,1.08423,1.08538
2024-05-22,1.08536,1.08635,1.0816,1.08249
2024-05-23,1.0825,1.0861,1.0803,1.08115
2024-05-24,1.08114,1.0858,1.0804,1.0843
2024-05-26,1.08436,1.08512,1.08403,1.0847
2024-05-27,1.08464,1.08675,1.08207,1.08613
2024-05-28,1.08614,1.08891,1.0849,1.08509
2024-05-29,1.0851,1.0859,1.07891,1.08008
2024-05-30,1.08007,1.08451,1.0787,1.08311
2024-05-31,1.08311,1.0882,1.081,1.08301
2024-06-02,1.08475,1.08542,1.08439,1.08524
2024-06-03,1.08524,1.0911,1.0826,1.09071
2024-06-04,1.0907,1.0916,1.0858,1.08814
2024-06-05,1.08815,1.0892,1.0853,1.08737
2024-06-06,1.0874,1.09019,1.0861,1.08915
2024-06-07,1.08913,1.09017,1.0796,1.0816
2024-06-09,1.07718,1.0781,1.07621,1.0778
2024-06-10,1.07785,1.07812,1.0731,1.07632
2024-06-11,1.07634,1.07735,1.0719,1.07399
2024-06-12,1.074,1.08523,1.0733,1.08126
2024-06-13,1.08126,1.0817,1.0732,1.07375
2024-06-14,1.07371,1.0745,1.0666,1.0703
2024-06-16,1.07026,1.07087,1.07,1.07024
2024-06-17,1.07022,1.07411,1.0685,1.0738
2024-06-18,1.07398,1.07614,1.0709,1.07386
2024-06-19,1.07385,1.0754,1.0723,1.0747
2024-06-20,1.07469,1.07481,1.06989,1.07058
2024-06-21,1.07059,1.0721,1.067,1.0692
2024-06-23,1.0683,1.06953,1.0683,1.06876
2024-06-24,1.06877,1.0747,1.0682,1.07322
2024-06-25,1.0732,1.07441,1.0658,1.07091
2024-06-26,1.0708,1.0718,1.0664,1.06798
2024-06-27,1.06797,1.07265,1.0675,1.07075
2024-06-28,1.07076,1.0726,1.0684,1.0713
2024-06-30,1.07445,1.07463,1.0732,1.07348
2024-07-01,1.07348,1.07764,1.0718,1.07363
2024-07-02,1.07363,1.075,1.0708,1.07479
2024-07-03,1.0748,1.08164,1.0735,1.07909
2024-07-04,1.07909,1.0816,1.0782,1.08104
2024-07-05,1.08103,1.0843,1.07956,1.0838
2024-07-07,1.08003,1.08328,1.08003,1.08256
2024-07-08,1.08254,1.0845,1.0814,1.08303
2024-07-09,1.08303,1.0835,1.0803,1.08142
2024-07-10,1.08143,1.0837,1.0809,1.0833
2024-07-11,1.08331,1.08995,1.0831,1.08737
2024-07-12,1.08737,1.09114,1.086,1.0906
2024-07-14,1.08849,1.08931,1.0881,1.08856
2024-07-15,1.08857,1.0923,1.0882,1.08979
2024-07-16,1.0898,1.0906,1.087,1.09002
2024-07-17,1.09062,1.09481,1.0894,1.09395
2024-07-18,1.094,1.0941,1.0892,1.09001
2024-07-19,1.09,1.0901,1.07133,1.0882
2024-07-21,1.08783,1.0903,1.08783,1.08986
2024-07-22,1.08986,1.08994,1.0871,1.08887
2024-07-23,1.0889,1.0898,1.0842,1.08495
2024-07-24,1.08495,1.0867,1.0824,1.08378
2024-07-25,1.08378,1.087,1.0827,1.08512
2024-07-26,1.08511,1.08682,1.084,1.0856
2024-07-28,1.0855,1.08598,1.0851,1.08526
2024-07-29,1.08525,1.087,1.0801,1.08189
2024-07-30,1.08188,1.0836,1.0797,1.08156
2024-07-31,1.08155,1.085,1.08003,1.08237
2024-08-01,1.08232,1.08353,1.0776,1.07864
2024-08-02,1.07863,1.0927,1.078,1.0909
2024-08-04,1.09221,1.09234,1.09027,1.09101
2024-08-05,1.09103,1.10084,1.0892,1.09506
2024-08-06,1.09508,1.0963,1.0902,1.09252
2024-08-07,1.09252,1.0937,1.0904,1.09272
2024-08-08,1.09271,1.0945,1.08793,1.09148
2024-08-09,1.09147,1.09313,1.09069,1.0915
2024-08-11,1.09087,1.09186,1.09087,1.09123
2024-08-12,1.09125,1.094,1.091,1.09355
2024-08-13,1.09354,1.1,1.0913,1.09954
2024-08-14,1.09953,1.10472,1.0986,1.10113
2024-08-15,1.10116,1.1016,1.0948,1.09722
2024-08-16,1.09722,1.103,1.097,1.1027
2024-08-18,1.10253,1.10336,1.10208,1.10244
2024-08-19,1.10243,1.1089,1.1022,1.10854
2024-08-20,1.10851,1.1136,1.107,1.11271
2024-08-21,1.11274,1.1175,1.1098,1.11548
2024-08-22,1.11548,1.1167,1.10933,1.11157
2024-08-23,1.11157,1.1202,1.1104,1.11913
2024-08-25,1.11838,1.11947,1.11838,1.1187
2024-08-26,1.1189,1.1202,1.1144,1.11645
2024-08-27,1.11643,1.1191,1.11498,1.1176
2024-08-28,1.11767,1.1181,1.1103,1.11244
2024-08-29,1.11242,1.114,1.1055,1.108
2024-08-30,1.108,1.1096,1.10309,1.10455
2024-09-01,1.10498,1.10498,1.1043,1.10444
2024-09-02,1.10442,1.1117,1.104,1.10669
2024-09-03,1.10671,1.10702,1.1025,1.10483
2024-09-04,1.1048,1.10951,1.1039,1.10794
2024-09-05,1.10793,1.1128,1.1073,1.11108
2024-09-06,1.11108,1.11555,1.10646,1.10803
2024-09-08,1.10844,1.1093,1.10798,1.1087
2024-09-09,1.10861,1.1092,1.10247,1.10351
2024-09-10,1.1035,1.10494,1.1014,1.10197
2024-09-11,1.10201,1.1055,1.09794,1.10102
2024-09-12,1.10101,1.108,1.1004,1.1077
2024-09-13,1.10789,1.1102,1.1071,1.1073
2024-09-15,1.10714,1.1091,1.10714,1.1087
2024-09-16,1.10872,1.11375,1.1085,1.11291
2024-09-17,1.11289,1.11462,1.11004,1.1123
2024-09-18,1.11221,1.11887,1.1095,1.11138
2024-09-19,1.11139,1.1179,1.1068,1.11593
2024-09-20,1.11591,1.1183,1.1135,1.1163
2024-09-22,1.11573,1.1166,1.11573,1.11588
2024-09-23,1.11586,1.1168,1.1082,1.1109
2024-09-24,1.11109,1.1194,1.1102,1.1191
2024-09-25,1.11903,1.1214,1.112,1.11296
2024-09-26,1.11297,1.11893,1.1125,1.11768
2024-09-27,1.11769,1.12031,1.1124,1.1164
2024-09-29,1.11527,1.11721,1.11527,1.1168
2024-09-30,1.11685,1.12091,1.11131,1.11365
2024-10-01,1.11366,1.1144,1.1045,1.10643
2024-10-02,1.10644,1.1083,1.1031,1.1045
2024-10-03,1.10457,1.1047,1.10071,1.1034
2024-10-04,1.10348,1.104,1.095,1.0975
2024-10-06,1.09606,1.0972,1.09599,1.0971
2024-10-07,1.09703,1.0988,1.09534,1.0972
2024-10-08,1.09742,1.0997,1.09609,1.09752
2024-10-09,1.09753,1.0979,1.0934,1.09416
2024-10-10,1.0942,1.0955,1.0899,1.09334
2024-10-11,1.09335,1.0954,1.0925,1.0937
2024-10-13,1.0943,1.0943,1.0943,1.0943
2024-10-14,1.09163,1.0938,1.08879,1.0908
2024-10-15,1.09085,1.0917,1.0881,1.0883
2024-10-16,1.08827,1.09014,1.0852,1.08586
2024-10-17,1.08585,1.0874,1.0811,1.08286
2024-10-18,1.08289,1.087,1.0826,1.0867
2024-10-20,1.087,1.087,1.0864,1.08679
2024-10-21,1.08681,1.0869,1.08099,1.08149
2024-10-22,1.0815,1.0839,1.0791,1.07962
2024-10-23,1.07961,1.0807,1.076,1.07804
2024-10-24,1.07804,1.0831,1.077,1.08235
2024-10-25,1.08239,1.084,1.079,1.0795
2024-10-27,1.07929,1.07999,1.0785,1.07959
2024-10-28,1.07957,1.08276,1.078,1.08176
2024-10-29,1.08177,1.08263,1.07586,1.08198
2024-10-30,1.08197,1.0872,1.08065,1.08582
2024-10-31,1.08581,1.0889,1.0842,1.0882
2024-11-01,1.0884,1.09056,1.08262,1.08327
2024-11-03,1.08769,1.08807,1.08708,1.08726
2024-11-04,1.08727,1.0915,1.0868,1.08736
2024-11-05,1.08735,1.0939,1.0871,1.09332
2024-11-06,1.09331,1.0934,1.0682,1.07314
2024-11-07,1.07312,1.0825,1.0711,1.07953
2024-11-08,1.07952,1.07973,1.0686,1.07182
2024-11-10,1.0704,1.07168,1.0704,1.0713
2024-11-11,1.07129,1.0728,1.06278,1.06629
2024-11-12,1.06628,1.0664,1.0593,1.06166
2024-11-13,1.06163,1.0654,1.05536,1.05656
2024-11-14,1.05658,1.05824,1.04964,1.05295
2024-11-15,1.05292,1.0593,1.0515,1.0539
2024-11-17,1.05288,1.05381,1.05276,1.05362
2024-11-18,1.05356,1.0608,1.0529,1.05944
2024-11-19,1.05943,1.0609,1.05231,1.06068
2024-11-20,1.06069,1.061,1.05065,1.0546
2024-11-21,1.05457,1.0555,1.0461,1.04687
2024-11-22,1.04686,1.04981,1.03315,1.0425
2024-11-25,1.0522,1.05285,1.04424,1.04436
2024-11-26,1.04437,1.05448,1.0424,1.04915
2024-11-27,1.04917,1.0588,1.0473,1.0562
2024-11-28,1.05621,1.0563,1.0451,1.056
2024-11-29,1.056,1.05972,1.0539,1.0576
2024-12-01,1.05584,1.05686,1.05331,1.05432
2024-12-02,1.05433,1.0546,1.04597,1.05008
2024-12-03,1.05005,1.05351,1.0479,1.0508
2024-12-04,1.051,1.0544,1.0471,1.05125
2024-12-05,1.05124,1.0592,1.0507,1.05861
2024-12-06,1.05865,1.06298,1.0541,1.0566
2024-12-08,1.05579,1.05689,1.05535,1.05654
2024-12-09,1.05656,1.05943,1.0531,1.05539
2024-12-10,1.05549,1.05681,1.0497,1.0531
2024-12-11,1.05295,1.054,1.04792,1.05055
2024-12-12,1.05077,1.0531,1.04585,1.04731
2024-12-13,1.04735,1.0524,1.0452,1.0501
2024-12-15,1.04886,1.05106,1.04818,1.05094
2024-12-16,1.05087,1.05249,1.0474,1.05169
2024-12-17,1.0517,1.05342,1.0478,1.04946
2024-12-18,1.04945,1.0514,1.02869,1.03506
2024-12-19,1.03504,1.04225,1.035,1.03644
2024-12-20,1.03645,1.0448,1.0341,1.0428
2024-12-22,1.04281,1.04439,1.04272,1.04335
2024-12-23,1.04331,1.0446,1.03817,1.04039
2024-12-24,1.04041,1.0435,1.0382,1.0403
2024-12-25,1.0401,1.0442,1.03775,1.03985
2024-12-26,1.03984,1.04299,1.039,1.04213
2024-12-27,1.04211,1.04441,1.0404,1.04219
2024-12-29,1.04232,1.04336,1.04231,1.04291
2024-12-30,1.04291,1.04585,1.03707,1.04055
2024-12-31,1.04055,1.04245,1.0343,1.03496
2025-01-01,1.03526,1.0365,1.03445,1.03508
2025-01-02,1.0367,1.0376,1.02211,1.02678
2025-01-03,1.02675,1.031,1.0263,1.0307
2025-01-05,1.02983,1.03078,1.02917,1.0305
2025-01-06,1.03049,1.04366,1.02952,1.03832
2025-01-07,1.03828,1.0435,1.0337,1.03415
2025-01-08,1.03414,1.0358,1.02728,1.03132
2025-01-09,1.03135,1.03215,1.0283,1.02964
2025-01-10,1.02965,1.0312,1.01159,1.01405
2025-01-12,1.02359,1.02467,1.02331,1.02428
2025-01-13,1.02427,1.0278,1.01763,1.0264
2025-01-14,1.02463,1.031,1.0237,1.03058
2025-01-15,1.03058,1.03541,1.02581,1.02947
2025-01-16,1.02945,1.0316,1.02446,1.03014
2025-01-17,1.03015,1.03306,1.01216,1.01216
2025-01-19,1.02755,1.02804,1.02661,1.02802
2025-01-20,1.02889,1.0434,1.0287,1.04208
2025-01-21,1.04209,1.04353,1.0341,1.04052
2025-01-22,1.04056,1.04572,1.03513,1.04076
2025-01-23,1.04078,1.04377,1.03712,1.04157
2025-01-24,1.04155,1.05215,1.02299,1.03305
2025-01-26,1.04754,1.04834,1.04645,1.04672
2025-01-27,1.04668,1.05331,1.04279,1.04367
2025-01-28,1.0437,1.04565,1.04123,1.04272
2025-01-29,1.04315,1.0444,1.03818,1.04241
2025-01-30,1.04241,1.04678,1.03837,1.03963
2025-01-31,1.03965,1.04338,1.03495,1.0356
2025-02-02,1.02318,1.02693,1.02318,1.02466
2025-02-03,1.0223,1.035,1.02127,1.03275
2025-02-04,1.03281,1.0388,1.02715,1.0371
2025-02-05,1.03716,1.04426,1.0369,1.03979
2025-02-06,1.03984,1.04055,1.0352,1.03849
2025-02-07,1.03846,1.04109,1.0305,1.0328
2025-02-09,1.02883,1.03133,1.02839,1.03093
2025-02-10,1.03094,1.03365,1.0297,1.03003
2025-02-11,1.03002,1.03816,1.029,1.0363
2025-02-12,1.03626,1.04298,1.03166,1.0392
2025-02-13,1.03919,1.0471,1.0373,1.04613
2025-02-14,1.04612,1.05142,1.0446,1.04897
2025-02-16,1.04851,1.04936,1.04837,1.0488
2025-02-17,1.04883,1.0506,1.0466,1.0484
2025-02-18,1.04843,1.0486,1.0434,1.04477
2025-02-19,1.0447,1.0462,1.04,1.04202
2025-02-20,1.04203,1.0506,1.0417,1.05001
2025-02-21,1.04999,1.0505,1.0448,1.04575
2025-02-23,1.04717,1.04841,1.04599,1.04736
2025-02-24,1.04734,1.0529,1.0452,1.04606
2025-02-25,1.0461,1.0525,1.0456,1.052
2025-02-26,1.05201,1.05288,1.0474,1.04874
2025-02-27,1.04874,1.04893,1.03871,1.0393
2025-02-28,1.03935,1.04201,1.03589,1.0374
2025-03-02,1.04017,1.04207,1.03985,1.04117
2025-03-03,1.04116,1.05043,1.03876,1.04851
2025-03-04,1.04848,1.0637,1.047,1.0623
2025-03-05,1.06232,1.0797,1.0601,1.07937
2025-03-06,1.07938,1.08537,1.07648,1.07869
2025-03-07,1.07868,1.08887,1.078,1.08264
2025-03-09,1.08329,1.08651,1.08263,1.08596
2025-03-10,1.08596,1.0876,1.0805,1.0839
2025-03-11,1.08392,1.09473,1.0834,1.09138
2025-03-12,1.09136,1.09312,1.0875,1.08851
2025-03-13,1.08849,1.08972,1.08152,1.08545
2025-03-14,1.08543,1.09126,1.083,1.0877
2025-03-16,1.08771,1.08848,1.08741,1.08791
2025-03-17,1.08791,1.09298,1.0868,1.09178
2025-03-18,1.0918,1.0955,1.0892,1.09383
2025-03-19,1.09379,1.0945,1.086,1.09114
2025-03-20,1.09112,1.0918,1.0813,1.08528
2025-03-21,1.0852,1.08613,1.06246,1.082
2025-03-23,1.08126,1.08367,1.08104,1.08356
2025-03-24,1.08357,1.08582,1.0781,1.0802
2025-03-25,1.08019,1.08302,1.0776,1.07886
2025-03-26,1.07882,1.08028,1.0732,1.07406
2025-03-27,1.07411,1.08212,1.074,1.08005
2025-03-28,1.07999,1.0845,1.07635,1.08212
2025-03-30,1.0823,1.08288,1.08047,1.08231
2025-03-31,1.08233,1.08495,1.0782,1.08171
2025-04-01,1.08172,1.0831,1.0777,1.0795
2025-04-02,1.07944,1.09242,1.0779,1.0905
2025-04-03,1.09037,1.11465,1.0878,1.1045
2025-04-04,1.10456,1.1109,1.0923,1.09544
2025-04-06,1.0889,1.10001,1.08787,1.09827
2025-04-07,1.09826,1.10503,1.08972,1.09142
2025-04-08,1.09155,1.0992,1.08882,1.09768
2025-04-09,1.09772,1.10954,1.09133,1.09503
2025-04-10,1.09502,1.12617,1.095,1.12571
2025-04-11,1.12566,1.14738,1.12461,1.13492
2025-04-13,1.13079,1.13538,1.13079,1.13419
2025-04-14,1.13416,1.14248,1.12957,1.13356
2025-04-15,1.13358,1.13791,1.12641,1.12933
2025-04-16,1.1291,1.1413,1.1291,1.1395
2025-04-17,1.13955,1.1397,1.13337,1.13719
2025-04-20,1.13927,1.1458,1.13926,1.14485
2025-04-21,1.14484,1.15732,1.14484,1.15134
2025-04-22,1.15134,1.15475,1.1307,1.13501
2025-04-23,1.13492,1.1441,1.13086,1.13287
2025-04-24,1.13293,1.1399,1.132,1.13724
2025-04-25,1.13713,1.13888,1.1315,1.1363
2025-04-27,1.1365,1.1368,1.13391,1.13444
2025-04-28,1.1344,1.1425,1.1329,1.1407
2025-04-29,1.14073,1.14198,1.1369,1.13898
2025-04-30,1.13909,1.13995,1.13167,1.13215
2025-05-01,1.13217,1.13411,1.12645,1.12954
2025-05-02,1.12955,1.1381,1.1272,1.1298
2025-05-04,1.13004,1.13272,1.12886,1.13205
