datetime,open,high,low,close
2024-05-05,0.6009,0.60132,0.6001,0.60065
2024-05-06,0.60059,0.60318,0.59928,0.6006
2024-05-07,0.60135,0.60248,0.59516,0.59963
2024-05-08,0.59958,0.6007,0.5977,0.60033
2024-05-09,0.6002,0.60395,0.59883,0.60349
2024-05-10,0.60347,0.60365,0.6006,0.6019
2024-05-12,0.60133,0.60224,0.60047,0.60167
2024-05-13,0.6014,0.60307,0.59652,0.602
2024-05-14,0.60227,0.60428,0.59929,0.60413
2024-05-15,0.60411,0.61314,0.60323,0.61283
2024-05-16,0.61284,0.61404,0.60342,0.61233
2024-05-17,0.61232,0.61393,0.6097,0.6128
2024-05-19,0.6125,0.61373,0.61233,0.61345
2024-05-20,0.6133,0.6137,0.60817,0.61066
2024-05-21,0.61067,0.61104,0.60615,0.60918
2024-05-22,0.6092,0.6152,0.608,0.60988
2024-05-23,0.60989,0.61338,0.6088,0.60957
2024-05-24,0.60956,0.61262,0.6084,0.6115
2024-05-26,0.6108,0.61264,0.61036,0.612
2024-05-27,0.61201,0.61535,0.60085,0.61509
2024-05-28,0.61507,0.617,0.61169,0.6138
2024-05-29,0.61394,0.61477,0.61017,0.61123
2024-05-30,0.61124,0.61311,0.6071,0.6115
2024-05-31,0.6112,0.61656,0.61038,0.614
2024-06-02,0.61277,0.61488,0.61263,0.61475
2024-06-03,0.61473,0.6194,0.60905,0.61919
2024-06-04,0.6192,0.61977,0.61115,0.61739
2024-06-05,0.61742,0.61982,0.61566,0.61958
2024-06-06,0.61961,0.62152,0.61214,0.6196
2024-06-07,0.61955,0.62034,0.59362,0.60461
2024-06-09,0.61025,0.61077,0.6099,0.61048
2024-06-10,0.6101,0.61324,0.6096,0.61283
2024-06-11,0.61284,0.61498,0.60848,0.61452
2024-06-12,0.6142,0.62218,0.61299,0.6186
2024-06-13,0.61857,0.61983,0.6155,0.61584
2024-06-14,0.61586,0.61622,0.6112,0.61371
2024-06-16,0.61197,0.61404,0.61197,0.61358
2024-06-17,0.61359,0.61374,0.6038,0.61345
2024-06-18,0.61343,0.6148,0.6093,0.6137
2024-06-19,0.61397,0.61474,0.60778,0.61374
2024-06-20,0.61373,0.61384,0.6108,0.61215
2024-06-21,0.61216,0.61342,0.61057,0.61124
2024-06-23,0.61072,0.61179,0.61017,0.61103
2024-06-24,0.61105,0.61404,0.60737,0.61188
2024-06-25,0.6119,0.61304,0.60769,0.61176
2024-06-26,0.61172,0.61279,0.59746,0.60798
2024-06-27,0.60797,0.61083,0.6065,0.60836
2024-06-28,0.60836,0.61047,0.6054,0.6089
2024-06-30,0.6077,0.61033,0.6077,0.6098
2024-07-01,0.60983,0.61072,0.606,0.60636
2024-07-02,0.60637,0.60833,0.6044,0.60811
2024-07-03,0.60813,0.61286,0.6066,0.61066
2024-07-04,0.6105,0.61225,0.60696,0.61127
2024-07-05,0.61123,0.61485,0.60448,0.6143
2024-07-07,0.61334,0.61474,0.61319,0.6138
2024-07-08,0.614,0.61534,0.60762,0.61303
2024-07-09,0.61304,0.6133,0.60862,0.61265
2024-07-10,0.61267,0.61316,0.60584,0.60873
2024-07-11,0.60878,0.61341,0.59459,0.60945
2024-07-12,0.60944,0.6126,0.60644,0.6116
2024-07-14,0.61046,0.61098,0.6089,0.6095
2024-07-15,0.60949,0.61018,0.60636,0.60757
2024-07-16,0.60758,0.60763,0.6032,0.60544
2024-07-17,0.60694,0.60973,0.59451,0.60786
2024-07-18,0.60788,0.60817,0.60029,0.60419
2024-07-19,0.60418,0.6042,0.59931,0.6006
2024-07-21,0.60117,0.60273,0.60013,0.60231
2024-07-22,0.6023,0.60232,0.59631,0.5975
2024-07-23,0.59764,0.598,0.59416,0.5948
2024-07-24,0.59519,0.59524,0.57571,0.59254
2024-07-25,0.59253,0.59269,0.58458,0.58886
2024-07-26,0.58884,0.59055,0.5863,0.5884
2024-07-28,0.58858,0.58953,0.58844,0.58879
2024-07-29,0.58878,0.59004,0.5847,0.58759
2024-07-30,0.5876,0.59067,0.57725,0.5901
2024-07-31,0.59026,0.59615,0.55947,0.59513
2024-08-01,0.59508,0.59821,0.59268,0.59354
2024-08-02,0.59353,0.59842,0.5927,0.5955
2024-08-04,0.59438,0.5957,0.59396,0.59461
2024-08-05,0.59458,0.59709,0.58279,0.59498
2024-08-06,0.59497,0.59919,0.5851,0.5972
2024-08-07,0.59718,0.60246,0.5969,0.5986
2024-08-08,0.59887,0.60145,0.5961,0.60048
2024-08-09,0.60048,0.60344,0.59771,0.5997
2024-08-11,0.59956,0.59986,0.5986,0.59923
2024-08-12,0.59917,0.60324,0.5888,0.6022
2024-08-13,0.60211,0.60814,0.59669,0.60769
2024-08-14,0.6077,0.60833,0.59782,0.59978
2024-08-15,0.5998,0.60146,0.59695,0.59795
2024-08-16,0.59794,0.60552,0.59117,0.59117
2024-08-18,0.60309,0.60594,0.60309,0.60564
2024-08-19,0.60569,0.6117,0.60508,0.61169
2024-08-20,0.61158,0.61581,0.58674,0.6155
2024-08-21,0.61558,0.61778,0.60756,0.61612
2024-08-22,0.61611,0.61696,0.60594,0.6141
2024-08-23,0.61412,0.62363,0.6137,0.6232
2024-08-25,0.62197,0.62321,0.62104,0.62233
2024-08-26,0.62236,0.6233,0.6163,0.62041
2024-08-27,0.62046,0.62546,0.61575,0.62419
2024-08-28,0.6242,0.62525,0.6221,0.6246
2024-08-29,0.62461,0.62984,0.61759,0.62622
2024-08-30,0.62621,0.62739,0.61857,0.6246
2024-09-01,0.62335,0.62529,0.62297,0.6243
2024-09-02,0.62459,0.62521,0.61504,0.62293
2024-09-03,0.62292,0.62353,0.57666,0.6182
2024-09-04,0.61857,0.62164,0.6144,0.61856
2024-09-05,0.61845,0.62261,0.61282,0.62232
2024-09-06,0.62232,0.62538,0.61392,0.61586
2024-09-08,0.61709,0.61762,0.61589,0.61691
2024-09-09,0.61694,0.61857,0.61145,0.6141
2024-09-10,0.61409,0.61651,0.60626,0.6149
2024-09-11,0.61489,0.6157,0.55813,0.61319
2024-09-12,0.6129,0.61881,0.60903,0.61866
2024-09-13,0.61865,0.61937,0.60676,0.60676
2024-09-15,0.61546,0.61653,0.61498,0.61625
2024-09-16,0.61626,0.62026,0.60841,0.61952
2024-09-17,0.61953,0.6211,0.61426,0.61915
2024-09-18,0.61918,0.62673,0.61514,0.62094
2024-09-19,0.62092,0.62685,0.57867,0.62361
2024-09-20,0.6236,0.62601,0.6206,0.6236
2024-09-22,0.62288,0.62403,0.62278,0.6235
2024-09-23,0.62347,0.628,0.61385,0.62663
2024-09-24,0.62665,0.63523,0.6255,0.63516
2024-09-25,0.63519,0.63553,0.61927,0.62553
2024-09-26,0.62554,0.63345,0.6249,0.63302
2024-09-27,0.63292,0.6367,0.6293,0.63403
2024-09-29,0.63326,0.63543,0.63283,0.6347
2024-09-30,0.63492,0.6378,0.63088,0.63445
2024-10-01,0.63446,0.63472,0.61641,0.62821
2024-10-02,0.62818,0.63132,0.62308,0.62582
2024-10-03,0.62581,0.62582,0.61792,0.62165
2024-10-04,0.62164,0.62192,0.60722,0.6093
2024-10-06,0.61483,0.61732,0.61443,0.61583
2024-10-07,0.61582,0.61693,0.56793,0.61275
2024-10-08,0.61275,0.61449,0.60912,0.61302
2024-10-09,0.61303,0.61378,0.6049,0.60676
2024-10-10,0.6065,0.60972,0.60497,0.60949
2024-10-11,0.6095,0.61196,0.60674,0.61067
2024-10-13,0.6105,0.6105,0.6105,0.6105
2024-10-14,0.6092,0.61026,0.6067,0.60892
2024-10-15,0.60895,0.61056,0.605,0.60515
2024-10-16,0.60514,0.60796,0.6037,0.60578
2024-10-17,0.60578,0.60755,0.6041,0.60596
2024-10-18,0.60589,0.60799,0.6053,0.60611
2024-10-20,0.6065,0.60774,0.6065,0.60756
2024-10-21,0.60758,0.60839,0.6018,0.60223
2024-10-22,0.60221,0.6061,0.6018,0.60433
2024-10-23,0.60432,0.60529,0.59499,0.60053
2024-10-24,0.60054,0.6032,0.59057,0.60074
2024-10-25,0.60074,0.60135,0.59613,0.59762
2024-10-27,0.59777,0.5985,0.59716,0.5978
2024-10-28,0.59779,0.59975,0.5954,0.59885
2024-10-29,0.5988,0.59894,0.59181,0.5969
2024-10-30,0.59692,0.60017,0.59474,0.5968
2024-10-31,0.59708,0.59832,0.5936,0.59704
2024-11-01,0.59706,0.59989,0.59469,0.59618
2024-11-03,0.59932,0.59979,0.59691,0.59857
2024-11-04,0.59857,0.60155,0.56045,0.59726
2024-11-05,0.59725,0.60186,0.5963,0.60137
2024-11-06,0.60136,0.60203,0.59002,0.59378
2024-11-07,0.59377,0.60377,0.5927,0.60215
2024-11-08,0.60212,0.60241,0.49956,0.54014
2024-11-10,0.59607,0.59677,0.59339,0.59639
2024-11-11,0.59637,0.59775,0.58703,0.5967
2024-11-12,0.59691,0.59723,0.58977,0.59225
2024-11-13,0.59224,0.59471,0.58696,0.5879
2024-11-14,0.58831,0.58841,0.55357,0.58489
2024-11-15,0.5849,0.58804,0.51171,0.52377
2024-11-17,0.58607,0.58651,0.58584,0.58632
2024-11-18,0.58634,0.58979,0.5833,0.58899
2024-11-19,0.5886,0.59198,0.5872,0.59187
2024-11-20,0.59186,0.59218,0.58583,0.58794
2024-11-21,0.58796,0.58858,0.58437,0.58563
2024-11-22,0.58564,0.58576,0.51272,0.5831
2024-11-25,0.58611,0.58646,0.5797,0.58103
2024-11-26,0.58104,0.58658,0.5793,0.58362
2024-11-27,0.58361,0.59081,0.58251,0.58922
2024-11-28,0.58926,0.59048,0.58295,0.58953
2024-11-29,0.58952,0.59288,0.50638,0.50638
2024-12-01,0.59073,0.59149,0.58991,0.59057
2024-12-02,0.59056,0.59111,0.54422,0.58837
2024-12-03,0.58836,0.59049,0.5861,0.58812
2024-12-04,0.58813,0.58842,0.58184,0.58567
2024-12-05,0.58565,0.58888,0.58399,0.5879
2024-12-06,0.58827,0.58832,0.57847,0.5826
2024-12-08,0.58327,0.58395,0.58276,0.58378
2024-12-09,0.58379,0.58881,0.5801,0.58576
2024-12-10,0.58577,0.58578,0.57806,0.58009
2024-12-11,0.58008,0.58082,0.5758,0.57922
2024-12-12,0.57925,0.58173,0.56257,0.57692
2024-12-13,0.57691,0.57783,0.56908,0.56908
2024-12-15,0.57556,0.57741,0.57543,0.57692
2024-12-16,0.57691,0.57918,0.5729,0.57912
2024-12-17,0.57909,0.57928,0.56867,0.57576
2024-12-18,0.57576,0.57584,0.56034,0.56161
2024-12-19,0.5616,0.56621,0.5605,0.56258
2024-12-20,0.56257,0.56723,0.561,0.56545
2024-12-22,0.56413,0.56563,0.56384,0.56516
2024-12-23,0.56518,0.56609,0.55301,0.56452
2024-12-24,0.56453,0.5657,0.5096,0.5642
2024-12-25,0.5643,0.5659,0.42161,0.56496
2024-12-26,0.56495,0.56593,0.5575,0.56245
2024-12-27,0.56243,0.56433,0.561,0.56246
2024-12-29,0.56253,0.56461,0.5618,0.56385
2024-12-30,0.56386,0.56643,0.5626,0.56384
2024-12-31,0.56383,0.56462,0.5584,0.5593
2025-01-01,0.55919,0.56013,0.55833,0.55973
2025-01-02,0.55972,0.56243,0.5583,0.55926
2025-01-03,0.55927,0.56136,0.559,0.56085
2025-01-05,0.5611,0.562,0.56038,0.56164
2025-01-06,0.56165,0.56846,0.5609,0.56372
2025-01-07,0.56376,0.56927,0.5628,0.56335
2025-01-08,0.56333,0.56414,0.55851,0.56045
2025-01-09,0.56046,0.56066,0.5569,0.55928
2025-01-10,0.55927,0.56024,0.50099,0.5553
2025-01-12,0.55497,0.55667,0.55478,0.55628
2025-01-13,0.55627,0.56168,0.55037,0.56015
2025-01-14,0.55986,0.56311,0.5582,0.56019
2025-01-15,0.56018,0.56509,0.55862,0.56276
2025-01-16,0.56272,0.56326,0.558,0.56072
2025-01-17,0.56068,0.56153,0.46587,0.493
2025-01-19,0.5591,0.55917,0.55786,0.55884
2025-01-20,0.55886,0.56843,0.55876,0.56806
2025-01-21,0.56808,0.56888,0.46486,0.56603
2025-01-22,0.56601,0.56877,0.5646,0.56622
2025-01-23,0.56619,0.56855,0.55129,0.56747
2025-01-24,0.56744,0.57233,0.47864,0.50589
2025-01-26,0.56942,0.57003,0.56902,0.56933
2025-01-27,0.5693,0.5705,0.5656,0.56639
2025-01-28,0.56638,0.56725,0.5645,0.56634
2025-01-29,0.56593,0.5668,0.56222,0.56637
2025-01-30,0.56645,0.56671,0.562,0.56341
2025-01-31,0.56339,0.56839,0.56206,0.56358
2025-02-02,0.55768,0.55896,0.55666,0.55683
2025-02-03,0.55681,0.56404,0.55127,0.56267
2025-02-04,0.56268,0.56548,0.5579,0.56459
2025-02-05,0.56461,0.57023,0.5643,0.56867
2025-02-06,0.56869,0.56903,0.5648,0.56734
2025-02-07,0.56728,0.56942,0.5637,0.56586
2025-02-09,0.56325,0.56504,0.56289,0.56447
2025-02-10,0.56444,0.56638,0.5626,0.56332
2025-02-11,0.56333,0.5663,0.5627,0.56576
2025-02-12,0.56568,0.56714,0.5598,0.56405
2025-02-13,0.5637,0.56799,0.5619,0.56786
2025-02-14,0.56783,0.57381,0.5672,0.5727
2025-02-16,0.57154,0.57324,0.57074,0.57318
2025-02-17,0.57317,0.57492,0.5724,0.57302
2025-02-18,0.57301,0.57319,0.56907,0.57034
2025-02-19,0.57033,0.57319,0.5675,0.5699
2025-02-20,0.5698,0.57719,0.5691,0.57637
2025-02-21,0.57638,0.57717,0.5732,0.5737
2025-02-23,0.57337,0.57556,0.57237,0.57485
2025-02-24,0.57486,0.57697,0.5721,0.57253
2025-02-25,0.57252,0.57384,0.5702,0.57291
2025-02-26,0.57293,0.5732,0.5684,0.5695
2025-02-27,0.56973,0.56987,0.5622,0.56253
2025-02-28,0.5623,0.56279,0.5583,0.55966
2025-03-02,0.55952,0.56079,0.55949,0.56031
2025-03-03,0.5603,0.56402,0.5591,0.56117
2025-03-04,0.56113,0.56685,0.5593,0.56597
2025-03-05,0.56596,0.57319,0.5634,0.57272
2025-03-06,0.5725,0.57592,0.57125,0.5734
2025-03-07,0.57347,0.57408,0.56878,0.57033
2025-03-09,0.57113,0.57183,0.56879,0.57081
2025-03-10,0.57075,0.57425,0.5684,0.56941
2025-03-11,0.56945,0.57265,0.5674,0.57109
2025-03-12,0.57108,0.5738,0.56886,0.57368
2025-03-13,0.57363,0.57414,0.5679,0.57014
2025-03-14,0.57011,0.57555,0.5693,0.5741
2025-03-16,0.57421,0.5762,0.5736,0.57506
2025-03-17,0.57502,0.58269,0.5745,0.5821
2025-03-18,0.582,0.58311,0.5795,0.58176
2025-03-19,0.58174,0.58251,0.5772,0.58187
2025-03-20,0.5818,0.582,0.572,0.576
2025-03-21,0.57598,0.57675,0.5722,0.57266
2025-03-23,0.57286,0.57451,0.57244,0.57438
2025-03-24,0.57436,0.5749,0.5676,0.57259
2025-03-25,0.57256,0.57505,0.5708,0.57323
2025-03-26,0.5732,0.57626,0.5709,0.57168
2025-03-27,0.57168,0.57556,0.5714,0.57344
2025-03-28,0.57343,0.57363,0.57054,0.57095
2025-03-30,0.57135,0.57148,0.5691,0.57056
2025-03-31,0.57058,0.57224,0.5645,0.5667
2025-04-01,0.56684,0.5714,0.5659,0.5711
2025-04-02,0.57112,0.57787,0.568,0.57259
2025-04-03,0.5725,0.58524,0.5716,0.57868
2025-04-04,0.57869,0.57964,0.5548,0.5593
2025-04-06,0.55743,0.55778,0.55342,0.55393
2025-04-07,0.55399,0.56466,0.5504,0.55354
2025-04-08,0.55348,0.5626,0.5505,0.5511
2025-04-09,0.55134,0.56676,0.5483,0.56355
2025-04-10,0.56352,0.57656,0.5625,0.57461
2025-04-11,0.57462,0.58396,0.5741,0.5822
2025-04-13,0.58126,0.58431,0.58046,0.5833
2025-04-14,0.58344,0.58914,0.5828,0.5864
2025-04-15,0.58646,0.59437,0.5863,0.58937
2025-04-16,0.58929,0.59427,0.5888,0.5933
2025-04-17,0.59354,0.59779,0.5897,0.59733
2025-04-20,0.59187,0.59593,0.59178,0.59587
2025-04-21,0.59582,0.6019,0.5956,0.59996
2025-04-22,0.59995,0.60286,0.5934,0.5958
2025-04-23,0.59595,0.60134,0.59396,0.5948
2025-04-24,0.59499,0.60004,0.5939,0.59869
2025-04-25,0.59868,0.59994,0.5946,0.59609
2025-04-27,0.5955,0.5965,0.5945,0.59484
2025-04-28,0.59483,0.59822,0.5926,0.59699
2025-04-29,0.59698,0.59863,0.59233,0.59374
2025-04-30,0.59375,0.59496,0.58797,0.59351
2025-05-01,0.59361,0.5951,0.5891,0.59115
2025-05-02,0.59118,0.59775,0.5904,0.5943
2025-05-04,0.59387,0.59594,0.59327,0.59485
